0.001000		0.00846101	
0.188610		1.05161   	
0.376221		1.56502   	
0.563831		1.96652   	
0.751442		2.31995   	
0.939052		2.64691   	
1.126663		2.9574    	
1.314273		3.26127   	
1.501884		3.55885   	
1.689494		3.85065   	
1.877105		4.14028   	
2.064715		4.42891   	
2.252326		4.71766   	
2.439936		5.00819   	
2.627546		5.30109   	
2.815157		5.59513   	
3.002767		5.88924   	
3.190378		6.1889    	
3.377988		6.48857   	
3.565599		6.79048   	
3.753209		7.09657   	
3.940820		7.40266   	
4.128430		7.71345   	
4.316041		8.02639   	
4.503651		8.33947   	
4.691262		8.65956   	
4.878872		8.97964   	
5.066483		9.30225   	
5.254093		9.62947   	
5.441703		9.9567    	
5.629314		10.2888   	
5.816924		10.623    	
6.004535		10.9574   	
6.192145		11.2988   	
6.379756		11.6402   	
6.567366		11.9842   	
6.754977		12.3328   	
6.942587		12.6814   	
7.130198		13.0351   	
7.317808		13.3911   	
7.505419		13.7473   	
7.693029		14.1106   	
7.880639		14.4739   	
8.068250		14.84     	
8.255860		15.2107   	
8.443471		15.5815   	
8.631081		15.9574   	
8.818692		16.3355   	
9.006302		16.714    	
9.193913		17.0996   	
9.381523		17.4853   	
9.569134		17.8735   	
9.756744		18.2662   	
9.944355		18.6589   	
10.131965		19.0492   	
10.319576		19.4385   	
10.507186		19.8278   	
10.694796		20.2172   	
10.882407		20.6065   	
11.070017		21.0003   	
11.257628		21.4016   	
11.445238		21.8029   	
11.632849		22.2042   	
11.820459		22.6055   	
12.008070		23.0073   	
12.195680		23.4207   	
12.383291		23.834    	
12.570901		24.2474   	
12.758512		24.6607   	
12.946122		25.074    	
13.133732		25.496    	
13.321343		25.9214   	
13.508953		26.3468   	
13.696564		26.7723   	
13.884174		27.1977   	
14.071785		27.6278   	
14.259395		28.0653   	
14.447006		28.5029   	
14.634616		28.9404   	
14.822227		29.378    	
15.009837		29.8161   	
15.197448		30.2658   	
15.385058		30.7155   	
15.572669		31.1652   	
15.760279		31.6149   	
15.947889		32.0645   	
16.135500		32.523    	
16.323110		32.9848   	
16.510721		33.4466   	
16.698331		33.9083   	
16.885942		34.3701   	
17.073552		34.8367   	
17.261163		35.3106   	
17.448773		35.7845   	
17.636384		36.2584   	
17.823994		36.7322   	
18.011605		37.2069   	
18.199215		37.6928   	
18.386825		38.1788   	
18.574436		38.6647   	
18.762046		39.1507   	
18.949657		39.6366   	
19.137267		40.1314   	
19.324878		40.6294   	
19.512488		41.1273   	
19.700099		41.6253   	
19.887709		42.1233   	
20.075320		42.6261   	
20.262930		43.136    	
20.450541		43.646    	
20.638151		44.1559   	
20.825762		44.6659   	
21.013372		45.1767   	
21.200982		45.6985   	
21.388593		46.2204   	
21.576203		46.7423   	
21.763814		47.2642   	
21.951424		47.7861   	
22.139035		48.3168   	
22.326645		48.8505   	
22.514256		49.3843   	
22.701866		49.9181   	
22.889477		50.4518   	
23.077087		50.9905   	
23.264698		51.5361   	
23.452308		52.0816   	
23.639918		52.6272   	
23.827529		53.1728   	
24.015139		53.7194   	
24.202750		54.2768   	
24.390360		54.8341   	
24.577971		55.3915   	
24.765581		55.9489   	
24.953192		56.5063   	
25.140802		57.0768   	
25.328413		57.6518   	
25.516023		58.2267   	
25.703634		58.8017   	
25.891244		59.3766   	
26.078855		59.9516   	
26.266465		60.5265   	
26.454075		61.1014   	
26.641686		61.6764   	
26.829296		62.2513   	
27.016907		62.8284   	
27.204517		63.4266   	
27.392128		64.0247   	
27.579738		64.6229   	
27.767349		65.2211   	
27.954959		65.8193   	
28.142570		66.4175   	
28.330180		67.0157   	
28.517791		67.6139   	
28.705401		68.2121   	
28.893011		68.8103   	
29.080622		69.4183   	
29.268232		70.0396   	
29.455843		70.6608   	
29.643453		71.282    	
29.831064		71.9033   	
30.018674		72.5245   	
30.206285		73.1457   	
30.393895		73.7669   	
30.581506		74.3882   	
30.769116		75.0094   	
30.956727		75.6306   	
31.144337		76.2694   	
31.331948		76.9135   	
31.519558		77.5575   	
31.707168		78.2016   	
31.894779		78.8457   	
32.082389		79.4897   	
32.270000		80.1338   	
32.457610		80.7778   	
32.645221		81.4219   	
32.832831		82.066    	
33.020442		82.7125   	
33.208052		83.3792   	
33.395663		84.0459   	
33.583273		84.7126   	
33.770884		85.3793   	
33.958494		86.0459   	
34.146104		86.7126   	
34.333715		87.3793   	
34.521325		88.046    	
34.708936		88.7127   	
34.896546		89.3794   	
35.084157		90.0586   	
35.271767		90.7533   	
35.459378		91.448    	
35.646988		92.1427   	
35.834599		92.8374   	
36.022209		93.5321   	
36.209820		94.2268   	
36.397430		94.9215   	
36.585041		95.6162   	
36.772651		96.3109   	
36.960261		97.0056   	
37.147872		97.7002   	
37.335482		98.3949   	
37.523093		99.0896   	
37.710703		99.7843   	
37.898314		100.479   	
38.085924		101.189   	
38.273535		101.917   	
38.461145		102.645   	
38.648756		103.373   	
38.836366		104.101   	
39.023977		104.828   	
39.211587		105.556   	
39.399197		106.284   	
39.586808		107.012   	
39.774418		107.74    	
39.962029		108.468   	
40.149639		109.196   	
40.337250		109.924   	
40.524860		110.652   	
40.712471		111.38    	
40.900081		112.107   	
41.087692		112.851   	
41.275302		113.611   	
41.462913		114.372   	
41.650523		115.133   	
41.838134		115.894   	
42.025744		116.654   	
42.213354		117.415   	
42.400965		118.176   	
42.588575		118.936   	
42.776186		119.697   	
42.963796		120.458   	
43.151407		121.218   	
43.339017		121.979   	
43.526628		122.74    	
43.714238		123.501   	
43.901849		124.261   	
44.089459		125.037   	
44.277070		125.83    	
44.464680		126.624   	
44.652290		127.417   	
44.839901		128.21    	
45.027511		129.003   	
45.215122		129.796   	
45.402732		130.589   	
45.590343		131.382   	
45.777953		132.175   	
45.965564		132.968   	
46.153174		133.761   	
46.340785		134.554   	
46.528395		135.348   	
46.716006		136.141   	
46.903616		136.934   	
47.091227		137.742   	
47.278837		138.567   	
47.466447		139.393   	
47.654058		140.218   	
47.841668		141.043   	
48.029279		141.868   	
48.216889		142.693   	
48.404500		143.518   	
48.592110		144.343   	
48.779721		145.168   	
48.967331		145.993   	
49.154942		146.818   	
49.342552		147.643   	
49.530163		148.469   	
49.717773		149.294   	
49.905383		150.119   	
50.092994		150.965   	
50.280604		151.832   	
50.468215		152.699   	
50.655825		153.566   	
50.843436		154.433   	
51.031046		155.3     	
51.218657		156.167   	
51.406267		157.034   	
51.593878		157.902   	
51.781488		158.769   	
51.969099		159.636   	
52.156709		160.503   	
52.344320		161.37    	
52.531930		162.237   	
52.719540		163.104   	
52.907151		163.972   	
53.094761		164.839   	
53.282372		165.706   	
53.469982		166.573   	
53.657593		167.44    	
53.845203		168.307   	
54.032814		169.174   	
54.220424		170.041   	
54.408035		170.909   	
54.595645		171.776   	
54.783256		172.643   	
54.970866		173.51    	
55.158476		174.421   	
55.346087		175.339   	
55.533697		176.258   	
55.721308		177.177   	
55.908918		178.096   	
56.096529		179.015   	
56.284139		179.933   	
56.471750		180.852   	
56.659360		181.771   	
56.846971		182.69    	
57.034581		183.609   	
57.222192		184.527   	
57.409802		185.446   	
57.597412		186.365   	
57.785023		187.284   	
57.972633		188.203   	
58.160244		189.121   	
58.347854		190.04    	
58.535465		190.959   	
58.723075		191.878   	
58.910686		192.797   	
59.098296		193.715   	
59.285907		194.634   	
59.473517		195.553   	
59.661128		196.472   	
59.848738		197.391   	
60.036349		198.319   	
60.223959		199.289   	
60.411569		200.258   	
60.599180		201.228   	
60.786790		202.197   	
60.974401		203.167   	
61.162011		204.136   	
61.349622		205.106   	
61.537232		206.075   	
61.724843		207.045   	
61.912453		208.014   	
62.100064		208.984   	
62.287674		209.953   	
62.475285		210.923   	
62.662895		211.892   	
62.850505		212.862   	
63.038116		213.831   	
63.225726		214.8     	
63.413337		215.77    	
63.600947		216.739   	
63.788558		217.709   	
63.976168		218.678   	
64.163779		219.648   	
64.351389		220.617   	
64.539000		221.587   	
64.726610		222.556   	
64.914221		223.526   	
65.101831		224.522   	
65.289442		225.542   	
65.477052		226.561   	
65.664662		227.58    	
65.852273		228.599   	
66.039883		229.619   	
66.227494		230.638   	
66.415104		231.657   	
66.602715		232.676   	
66.790325		233.695   	
66.977936		234.715   	
67.165546		235.734   	
67.353157		236.753   	
67.540767		237.772   	
67.728378		238.792   	
67.915988		239.811   	
68.103598		240.83    	
68.291209		241.849   	
68.478819		242.869   	
68.666430		243.888   	
68.854040		244.907   	
69.041651		245.926   	
69.229261		246.946   	
69.416872		247.965   	
69.604482		248.984   	
69.792093		250.003   	
69.979703		251.022   	
70.167314		252.085   	
70.354924		253.153   	
70.542535		254.221   	
70.730145		255.29    	
70.917755		256.358   	
71.105366		257.426   	
71.292976		258.494   	
71.480587		259.562   	
71.668197		260.63    	
71.855808		261.698   	
72.043418		262.766   	
72.231029		263.834   	
72.418639		264.902   	
72.606250		265.97    	
72.793860		267.038   	
72.981471		268.106   	
73.169081		269.175   	
73.356691		270.243   	
73.544302		271.311   	
73.731912		272.379   	
73.919523		273.447   	
74.107133		274.515   	
74.294744		275.583   	
74.482354		276.651   	
74.669965		277.719   	
74.857575		278.787   	
75.045186		279.867   	
75.232796		280.983   	
75.420407		282.099   	
75.608017		283.215   	
75.795628		284.331   	
75.983238		285.447   	
76.170848		286.563   	
76.358459		287.679   	
76.546069		288.795   	
76.733680		289.911   	
76.921290		291.027   	
77.108901		292.143   	
77.296511		293.259   	
77.484122		294.376   	
77.671732		295.492   	
77.859343		296.608   	
78.046953		297.724   	
78.234564		298.84    	
78.422174		299.956   	
78.609784		301.072   	
78.797395		302.188   	
78.985005		303.304   	
79.172616		304.42    	
79.360226		305.536   	
79.547837		306.652   	
79.735447		307.768   	
79.923058		308.884   	
80.110668		310.028   	
80.298279		311.191   	
80.485889		312.354   	
80.673500		313.517   	
80.861110		314.681   	
81.048721		315.844   	
81.236331		317.007   	
81.423941		318.17    	
81.611552		319.333   	
81.799162		320.496   	
81.986773		321.66    	
82.174383		322.823   	
82.361994		323.986   	
82.549604		325.149   	
82.737215		326.312   	
82.924825		327.475   	
83.112436		328.639   	
83.300046		329.802   	
83.487657		330.965   	
83.675267		332.128   	
83.862877		333.291   	
84.050488		334.454   	
84.238098		335.618   	
84.425709		336.781   	
84.613319		337.944   	
84.800930		339.107   	
84.988540		340.27    	
85.176151		341.477   	
85.363761		342.686   	
85.551372		343.896   	
85.738982		345.105   	
85.926593		346.315   	
86.114203		347.524   	
86.301814		348.734   	
86.489424		349.943   	
86.677034		351.153   	
86.864645		352.362   	
87.052255		353.572   	
87.239866		354.781   	
87.427476		355.99    	
87.615087		357.2     	
87.802697		358.409   	
87.990308		359.619   	
88.177918		360.828   	
88.365529		362.038   	
88.553139		363.247   	
88.740750		364.457   	
88.928360		365.666   	
89.115970		366.876   	
89.303581		368.085   	
89.491191		369.295   	
89.678802		370.504   	
89.866412		371.713   	
90.054023		372.936   	
90.241633		374.191   	
90.429244		375.446   	
90.616854		376.701   	
90.804465		377.956   	
90.992075		379.211   	
91.179686		380.466   	
91.367296		381.721   	
91.554907		382.976   	
91.742517		384.231   	
91.930127		385.486   	
92.117738		386.741   	
92.305348		387.996   	
92.492959		389.251   	
92.680569		390.506   	
92.868180		391.76    	
93.055790		393.015   	
93.243401		394.27    	
93.431011		395.525   	
93.618622		396.78    	
93.806232		398.035   	
93.993843		399.29    	
94.181453		400.545   	
94.369063		401.8     	
94.556674		403.055   	
94.744284		404.31    	
94.931895		405.565   	
95.119505		406.848   	
95.307116		408.148   	
95.494726		409.448   	
95.682337		410.748   	
95.869947		412.047   	
96.057558		413.347   	
96.245168		414.647   	
96.432779		415.946   	
96.620389		417.246   	
96.808000		418.546   	
96.995610		419.845   	
97.183220		421.145   	
97.370831		422.445   	
97.558441		423.744   	
97.746052		425.044   	
97.933662		426.344   	
98.121273		427.643   	
98.308883		428.943   	
98.496494		430.243   	
98.684104		431.542   	
98.871715		432.842   	
99.059325		434.142   	
99.246936		435.442   	
99.434546		436.741   	
99.622156		438.041   	
99.809767		439.341   	
99.997377		440.64    	
