0.001000	0.0063981
0.188469	0.819428 
0.375938	1.23508  
0.563408	1.57359  
0.750877	1.88112  
0.938346	2.1746   
1.125815	2.45807  
1.313285	2.73657  
1.500754	3.01014  
1.688223	3.28103  
1.875692	3.55122  
2.063162	3.82138  
2.250631	4.09219  
2.438100	4.36338  
2.625569	4.57615  
2.813038	4.76012  
3.000508	4.94411  
3.187977	5.13469  
3.375446	5.32527  
3.562915	5.51831  
3.750385	5.71622  
3.937854	5.91413  
4.125323	6.11722  
4.312792	6.32287  
4.500262	6.52852  
4.687731	6.74213  
4.875200	6.95573  
5.062669	7.17203  
5.250139	7.39371  
5.437608	7.61539  
5.625077	7.84249  
5.812546	8.0723   
6.000015	8.3021   
6.187485	8.54006  
6.374954	8.77802  
6.562423	9.01869  
6.749892	9.2648   
6.937362	9.51091  
7.124831	9.76242  
7.312300	10.0167  
7.499769	10.2709  
7.687239	10.5332  
7.874708	10.7955  
8.062177	11.0605  
8.249646	11.3309  
8.437115	11.6013  
8.624585	11.877   
8.812054	12.1554  
8.999523	12.4339  
9.186992	12.7202  
9.374462	13.0066  
9.561931	13.2956  
9.749400	13.5899  
9.936869	13.8842  
10.124339	14.1863  
10.311808	14.4924  
10.499277	14.7986  
10.686746	15.1047  
10.874215	15.4108  
11.061685	15.722   
11.249154	16.0437  
11.436623	16.3654  
11.624092	16.687   
11.811562	17.0087  
11.999031	17.3304  
12.186500	17.6674  
12.373969	18.0045  
12.561439	18.3415  
12.748908	18.6786  
12.936377	19.0157  
13.123846	19.3628  
13.311316	19.7151  
13.498785	20.0674  
13.686254	20.4197  
13.873723	20.772   
14.061192	21.1291  
14.248662	21.4965  
14.436131	21.8638  
14.623600	22.2311  
14.811069	22.5984  
14.998539	22.9658  
15.186008	23.3478  
15.373477	23.73    
15.560946	24.1122  
15.748416	24.4944  
15.935885	24.8766  
16.123354	25.2685  
16.310823	25.6654  
16.498292	26.0623  
16.685762	26.4592  
16.873231	26.8561  
17.060700	27.2578  
17.248169	27.6692  
17.435639	28.0807  
17.623108	28.4922  
17.810577	28.9037  
17.998046	29.3151  
18.185516	29.7409  
18.372985	30.1668  
18.560454	30.5927  
18.747923	31.0185  
18.935392	31.4444  
19.122862	31.8797  
19.310331	32.3198  
19.497800	32.76    
19.685269	33.2002  
19.872739	33.6403  
20.060208	34.085   
20.247677	34.5394  
20.435146	34.9937  
20.622616	35.448   
20.810085	35.9023  
20.997554	36.3566  
21.185023	36.8247  
21.372492	37.293   
21.559962	37.7614  
21.747431	38.2297  
21.934900	38.698   
22.122369	39.1754  
22.309839	39.6576  
22.497308	40.1398  
22.684777	40.622   
22.872246	41.1042  
23.059716	41.5908  
23.247185	42.0868  
23.434654	42.5828  
23.622123	43.0787  
23.809593	43.5747  
23.997062	44.0707  
24.184531	44.5801  
24.372000	45.0897  
24.559469	45.5994  
24.746939	46.109   
24.934408	46.6186  
25.121877	47.1414  
25.309346	47.6713  
25.496816	48.2012  
25.684285	48.7311  
25.871754	49.261   
26.059223	49.7909  
26.246693	50.3208  
26.434162	50.8507  
26.621631	51.3806  
26.809100	51.9104  
26.996569	52.4403  
27.184039	52.9964  
27.371508	53.5529  
27.558977	54.1095  
27.746446	54.666   
27.933916	55.2226  
28.121385	55.7791  
28.308854	56.3357  
28.496323	56.8922  
28.683793	57.4488  
28.871262	58.0053  
29.058731	58.5701  
29.246200	59.1529  
29.433669	59.7357  
29.621139	60.3185  
29.808608	60.9013  
29.996077	61.4842  
30.183546	62.067   
30.371016	62.6498  
30.558485	63.2326  
30.745954	63.8154  
30.933423	64.3982  
31.120893	64.9977  
31.308362	65.6064  
31.495831	66.2151  
31.683300	66.8238  
31.870770	67.4325  
32.058239	68.0412  
32.245708	68.6499  
32.433177	69.2586  
32.620646	69.8673  
32.808116	70.476   
32.995585	71.0847  
33.183054	71.7183  
33.370523	72.3525  
33.557993	72.9867  
33.745462	73.6209  
33.932931	74.2552  
34.120400	74.8894  
34.307870	75.5236  
34.495339	76.1578  
34.682808	76.7921  
34.870277	77.4263  
35.057746	78.0702  
35.245216	78.7358  
35.432685	79.4015  
35.620154	80.0671  
35.807623	80.7328  
35.995093	81.3984  
36.182562	82.0641  
36.370031	82.7297  
36.557500	83.3954  
36.744970	84.061   
36.932439	84.7266  
37.119908	85.3923  
37.307377	86.0579  
37.494846	86.7236  
37.682316	87.3892  
37.869785	88.0549  
38.057254	88.7318  
38.244723	89.4346  
38.432193	90.1373  
38.619662	90.84    
38.807131	91.5427  
38.994600	92.2454  
39.182070	92.9481  
39.369539	93.6509  
39.557008	94.3536  
39.744477	95.0563  
39.931947	95.759   
40.119416	96.4617  
40.306885	97.1645  
40.494354	97.8672  
40.681823	98.5699  
40.869293	99.2726  
41.056762	99.9864  
41.244231	100.725  
41.431700	101.465  
41.619170	102.204  
41.806639	102.943  
41.994108	103.682  
42.181577	104.421  
42.369047	105.16   
42.556516	105.899  
42.743985	106.638  
42.931454	107.378  
43.118923	108.117  
43.306393	108.856  
43.493862	109.595  
43.681331	110.334  
43.868800	111.073  
44.056270	111.823  
44.243739	112.598  
44.431208	113.373  
44.618677	114.148  
44.806147	114.923  
44.993616	115.698  
45.181085	116.472  
45.368554	117.247  
45.556023	118.022  
45.743493	118.797  
45.930962	119.572  
46.118431	120.347  
46.305900	121.122  
46.493370	121.897  
46.680839	122.672  
46.868308	123.447  
47.055777	124.232  
47.243247	125.042  
47.430716	125.852  
47.618185	126.662  
47.805654	127.472  
47.993124	128.282  
48.180593	129.093  
48.368062	129.903  
48.555531	130.713  
48.743000	131.523  
48.930470	132.333  
49.117939	133.143  
49.305408	133.953  
49.492877	134.763  
49.680347	135.573  
49.867816	136.383  
50.055285	137.207  
50.242754	138.063  
50.430224	138.919  
50.617693	139.775  
50.805162	140.631  
50.992631	141.488  
51.180100	142.344  
51.367570	143.2    
51.555039	144.056  
51.742508	144.912  
51.929977	145.768  
52.117447	146.624  
52.304916	147.48   
52.492385	148.336  
52.679854	149.192  
52.867324	150.049  
53.054793	150.905  
53.242262	151.761  
53.429731	152.617  
53.617200	153.473  
53.804670	154.329  
53.992139	155.185  
54.179608	156.041  
54.367077	156.897  
54.554547	157.753  
54.742016	158.61   
54.929485	159.466  
55.116954	160.357  
55.304424	161.269  
55.491893	162.182  
55.679362	163.094  
55.866831	164.006  
56.054300	164.919  
56.241770	165.831  
56.429239	166.743  
56.616708	167.656  
56.804177	168.568  
56.991647	169.481  
57.179116	170.393  
57.366585	171.305  
57.554054	172.218  
57.741524	173.13   
57.928993	174.042  
58.116462	174.955  
58.303931	175.867  
58.491401	176.78   
58.678870	177.692  
58.866339	178.604  
59.053808	179.517  
59.241277	180.429  
59.428747	181.341  
59.616216	182.254  
59.803685	183.166  
59.991154	184.079  
60.178624	185.043  
60.366093	186.011  
60.553562	186.978  
60.741031	187.945  
60.928501	188.912  
61.115970	189.88   
61.303439	190.847  
61.490908	191.814  
61.678377	192.782  
61.865847	193.749  
62.053316	194.716  
62.240785	195.684  
62.428254	196.651  
62.615724	197.618  
62.803193	198.586  
62.990662	199.553  
63.178131	200.52   
63.365601	201.487  
63.553070	202.455  
63.740539	203.422  
63.928008	204.389  
64.115477	205.357  
64.302947	206.324  
64.490416	207.291  
64.677885	208.259  
64.865354	209.226  
65.052824	210.208  
65.240293	211.229  
65.427762	212.25   
65.615231	213.271  
65.802701	214.292  
65.990170	215.313  
66.177639	216.334  
66.365108	217.355  
66.552578	218.376  
66.740047	219.397  
66.927516	220.418  
67.114985	221.439  
67.302454	222.46   
67.489924	223.481  
67.677393	224.502  
67.864862	225.523  
68.052331	226.544  
68.239801	227.565  
68.427270	228.586  
68.614739	229.607  
68.802208	230.628  
68.989678	231.649  
69.177147	232.67   
69.364616	233.691  
69.552085	234.712  
69.739554	235.733  
69.927024	236.754  
70.114493	237.807  
70.301962	238.88   
70.489431	239.954  
70.676901	241.028  
70.864370	242.101  
71.051839	243.175  
71.239308	244.248  
71.426778	245.322  
71.614247	246.395  
71.801716	247.469  
71.989185	248.542  
72.176654	249.616  
72.364124	250.689  
72.551593	251.763  
72.739062	252.836  
72.926531	253.91   
73.114001	254.983  
73.301470	256.057  
73.488939	257.13   
73.676408	258.204  
73.863878	259.277  
74.051347	260.351  
74.238816	261.424  
74.426285	262.498  
74.613755	263.571  
74.801224	264.645  
74.988693	265.718  
75.176162	266.84   
75.363631	267.965  
75.551101	269.09   
75.738570	270.215  
75.926039	271.34   
76.113508	272.465  
76.300978	273.59   
76.488447	274.715  
76.675916	275.839  
76.863385	276.964  
77.050855	278.089  
77.238324	279.214  
77.425793	280.339  
77.613262	281.464  
77.800731	282.589  
77.988201	283.714  
78.175670	284.839  
78.363139	285.964  
78.550608	287.089  
78.738078	288.214  
78.925547	289.339  
79.113016	290.464  
79.300485	291.589  
79.487955	292.713  
79.675424	293.838  
79.862893	294.963  
80.050362	296.102  
80.237831	297.277  
80.425301	298.452  
80.612770	299.628  
80.800239	300.803  
80.987708	301.978  
81.175178	303.154  
81.362647	304.329  
81.550116	305.504  
81.737585	306.68   
81.925055	307.855  
82.112524	309.03   
82.299993	310.206  
82.487462	311.381  
82.674932	312.556  
82.862401	313.732  
83.049870	314.907  
83.237339	316.082  
83.424808	317.258  
83.612278	318.433  
83.799747	319.608  
83.987216	320.784  
84.174685	321.959  
84.362155	323.134  
84.549624	324.31   
84.737093	325.485  
84.924562	326.66   
85.112032	327.865  
85.299501	329.09   
85.486970	330.315  
85.674439	331.539  
85.861908	332.764  
86.049378	333.989  
86.236847	335.214  
86.424316	336.439  
86.611785	337.663  
86.799255	338.888  
86.986724	340.113  
87.174193	341.338  
87.361662	342.562  
87.549132	343.787  
87.736601	345.012  
87.924070	346.237  
88.111539	347.461  
88.299008	348.686  
88.486478	349.911  
88.673947	351.136  
88.861416	352.36   
89.048885	353.585  
89.236355	354.81   
89.423824	356.035  
89.611293	357.259  
89.798762	358.484  
89.986232	359.709  
90.173701	360.978  
90.361170	362.252  
90.548639	363.525  
90.736108	364.798  
90.923578	366.071  
91.111047	367.345  
91.298516	368.618  
91.485985	369.891  
91.673455	371.164  
91.860924	372.438  
92.048393	373.711  
92.235862	374.984  
92.423332	376.258  
92.610801	377.531  
92.798270	378.804  
92.985739	380.077  
93.173209	381.351  
93.360678	382.624  
93.548147	383.897  
93.735616	385.17   
93.923085	386.444  
94.110555	387.717  
94.298024	388.99   
94.485493	390.263  
94.672962	391.537  
94.860432	392.81   
95.047901	394.095  
95.235370	395.416  
95.422839	396.737  
95.610309	398.058  
95.797778	399.379  
95.985247	400.7    
96.172716	402.02   
96.360185	403.341  
96.547655	404.662  
96.735124	405.983  
96.922593	407.304  
97.110062	408.625  
97.297532	409.946  
97.485001	411.266  
97.672470	412.587  
97.859939	413.908  
98.047409	415.229  
98.234878	416.55   
98.422347	417.871  
98.609816	419.192  
98.797285	420.513  
98.984755	421.833  
99.172224	423.154  
99.359693	424.475  
99.547162	425.796  
99.734632	427.117  
99.922101	428.438  
