0.001000		0.00309766	
0.188360	 	0.213242  	
0.375720	 	0.490814  	
0.563080	 	0.881777  	
0.750440	 	1.3691    	
0.937800	 	1.94622   	
1.125160	 	2.62417   	
1.312521	 	3.3637    	
1.499881	 	4.17479   	
1.687241	 	5.09015   	
1.874601	 	6.0735    	
2.061961	 	7.12426   	
2.249321	 	8.24222   	
2.436681	 	9.45882   	
2.624041	 	10.7725   	
2.811401	 	12.1357   	
2.998761	 	13.4988   	
3.186121	 	15.0524   	
3.373481	 	16.6073   	
3.560841	 	18.2234   	
3.748201	 	19.9669   	
3.935562	 	21.7104   	
4.122922	 	23.5759   	
4.310282	 	25.5054   	
4.497642	 	27.4349   	
4.685002	 	29.5459   	
4.872362	 	31.6593   	
5.059722	 	33.8306   	
5.247082	 	36.1258   	
5.434442	 	38.4211   	
5.621802	 	40.8335   	
5.809162	 	43.309    	
5.996522	 	45.7844   	
6.183882	 	48.4353   	
6.371242	 	51.0895   	
6.558603	 	53.7992   	
6.745963	 	56.6307   	
6.933323	 	59.4623   	
7.120683	 	62.4073   	
7.308043	 	65.415    	
7.495403	 	68.4227   	
7.682763	 	71.6011   	
7.870123	 	74.7838   	
8.057483	 	78.0198   	
8.244843	 	81.3765   	
8.432203	 	84.7331   	
8.619563	 	88.2002   	
8.806923	 	91.7299   	
8.994284	 	95.2595   	
9.181644	 	98.956    	
9.369004	 	102.658   	
9.556364	 	106.41    	
9.743724	 	110.278   	
9.931084	 	114.147   	
10.118444	 	118.083   	
10.305804	 	122.058   	
10.493164	 	126.033   	
10.680524	 	130.008   	
10.867884	 	133.983   	
11.055244	 	138.047   	
11.242604	 	142.323   	
11.429964	 	146.599   	
11.617325	 	150.875   	
11.804685	 	155.151   	
11.992045	 	159.427   	
12.179405	 	163.988   	
12.366765	 	168.561   	
12.554125	 	173.134   	
12.741485	 	177.708   	
12.928845	 	182.281   	
13.116205	 	187.037   	
13.303565	 	191.904   	
13.490925	 	196.772   	
13.678285	 	201.639   	
13.865645	 	206.506   	
14.053005	 	211.456   	
14.240366	 	216.614   	
14.427726	 	221.773   	
14.615086	 	226.931   	
14.802446	 	232.09    	
14.989806	 	237.248   	
15.177166	 	242.679   	
15.364526	 	248.125   	
15.551886	 	253.571   	
15.739246	 	259.018   	
15.926606	 	264.464   	
16.113966	 	270.084   	
16.301326	 	275.816   	
16.488686	 	281.548   	
16.676047	 	287.279   	
16.863407	 	293.011   	
17.050767	 	298.819   	
17.238127	 	304.833   	
17.425487	 	310.848   	
17.612847	 	316.862   	
17.800207	 	322.876   	
17.987567	 	328.89    	
18.174927	 	335.166   	
18.362287	 	341.46    	
18.549647	 	347.754   	
18.737007	 	354.049   	
18.924367	 	360.343   	
19.111727	 	366.803   	
19.299088	 	373.375   	
19.486448	 	379.946   	
19.673808	 	386.518   	
19.861168	 	393.09    	
20.048528	 	399.733   	
20.235888	 	406.58    	
20.423248	 	413.427   	
20.610608	 	420.274   	
20.797968	 	427.121   	
20.985328	 	433.968   	
21.172688	 	441.067   	
21.360048	 	448.187   	
21.547408	 	455.307   	
21.734768	 	462.427   	
21.922129	 	469.547   	
22.109489	 	476.825   	
22.296849	 	484.216   	
22.484209	 	491.607   	
22.671569	 	498.998   	
22.858929	 	506.389   	
23.046289	 	513.846   	
23.233649	 	521.505   	
23.421009	 	529.165   	
23.608369	 	536.824   	
23.795729	 	544.484   	
23.983089	 	552.143   	
24.170449	 	560.045   	
24.357810	 	567.971   	
24.545170	 	575.897   	
24.732530	 	583.823   	
24.919890	 	591.749   	
25.107250	 	599.902   	
25.294610	 	608.224   	
25.481970	 	616.546   	
25.669330	 	624.868   	
25.856690	 	633.19    	
26.044050	 	641.512   	
26.231410	 	649.834   	
26.418770	 	658.156   	
26.606130	 	666.478   	
26.793490	 	674.8     	
26.980851	 	683.122   	
27.168211	 	691.913   	
27.355571	 	700.756   	
27.542931	 	709.6     	
27.730291	 	718.444   	
27.917651	 	727.287   	
28.105011	 	736.131   	
28.292371	 	744.975   	
28.479731	 	753.818   	
28.667091	 	762.662   	
28.854451	 	771.506   	
29.041811	 	780.464   	
29.229171	 	789.822   	
29.416531	 	799.18    	
29.603892	 	808.539   	
29.791252	 	817.897   	
29.978612	 	827.255   	
30.165972	 	836.613   	
30.353332	 	845.971   	
30.540692	 	855.329   	
30.728052	 	864.687   	
30.915412	 	874.045   	
31.102772	 	883.682   	
31.290132	 	893.548   	
31.477492	 	903.413   	
31.664852	 	913.279   	
31.852212	 	923.145   	
32.039573	 	933.01    	
32.226933	 	942.876   	
32.414293	 	952.742   	
32.601653	 	962.607   	
32.789013	 	972.473   	
32.976373	 	982.339   	
33.163733	 	992.642   	
33.351093	 	1003.01   	
33.538453	 	1013.38   	
33.725813	 	1023.74   	
33.913173	 	1034.11   	
34.100533	 	1044.48   	
34.287893	 	1054.84   	
34.475253	 	1065.21   	
34.662614	 	1075.58   	
34.849974	 	1085.94   	
35.037334	 	1096.43   	
35.224694	 	1107.42   	
35.412054	 	1118.4    	
35.599414	 	1129.38   	
35.786774	 	1140.37   	
35.974134	 	1151.35   	
36.161494	 	1162.34   	
36.348854	 	1173.32   	
36.536214	 	1184.3    	
36.723574	 	1195.29   	
36.910934	 	1206.27   	
37.098295	 	1217.25   	
37.285655	 	1228.24   	
37.473015	 	1239.22   	
37.660375	 	1250.21   	
37.847735	 	1261.19   	
38.035095	 	1272.31   	
38.222455	 	1284.02   	
38.409815	 	1295.74   	
38.597175	 	1307.45   	
38.784535	 	1319.16   	
38.971895	 	1330.87   	
39.159255	 	1342.59   	
39.346615	 	1354.3    	
39.533975	 	1366.01   	
39.721336	 	1377.72   	
39.908696	 	1389.44   	
40.096056	 	1401.15   	
40.283416	 	1412.86   	
40.470776	 	1424.57   	
40.658136	 	1436.29   	
40.845496	 	1448      	
41.032856	 	1459.84   	
41.220216	 	1472.26   	
41.407576	 	1484.69   	
41.594936	 	1497.12   	
41.782296	 	1509.55   	
41.969656	 	1521.98   	
42.157016	 	1534.41   	
42.344377	 	1546.84   	
42.531737	 	1559.26   	
42.719097	 	1571.69   	
42.906457	 	1584.12   	
43.093817	 	1596.55   	
43.281177	 	1608.98   	
43.468537	 	1621.41   	
43.655897	 	1633.84   	
43.843257	 	1646.26   	
44.030617	 	1658.81   	
44.217977	 	1671.94   	
44.405337	 	1685.07   	
44.592697	 	1698.2    	
44.780058	 	1711.34   	
44.967418	 	1724.47   	
45.154778	 	1737.6    	
45.342138	 	1750.73   	
45.529498	 	1763.87   	
45.716858	 	1777      	
45.904218	 	1790.13   	
46.091578	 	1803.26   	
46.278938	 	1816.4    	
46.466298	 	1829.53   	
46.653658	 	1842.66   	
46.841018	 	1855.79   	
47.028378	 	1869.03   	
47.215738	 	1882.85   	
47.403099	 	1896.68   	
47.590459	 	1910.5    	
47.777819	 	1924.33   	
47.965179	 	1938.15   	
48.152539	 	1951.98   	
48.339899	 	1965.8    	
48.527259	 	1979.63   	
48.714619	 	1993.45   	
48.901979	 	2007.28   	
49.089339	 	2021.1    	
49.276699	 	2034.93   	
49.464059	 	2048.75   	
49.651419	 	2062.58   	
49.838779	 	2076.4    	
50.026140	 	2090.35   	
50.213500	 	2105.08   	
50.400860	 	2119.81   	
50.588220	 	2134.54   	
50.775580	 	2149.27   	
50.962940	 	2164      	
51.150300	 	2178.73   	
51.337660	 	2193.46   	
51.525020	 	2208.19   	
51.712380	 	2222.92   	
51.899740	 	2237.65   	
52.087100	 	2252.38   	
52.274460	 	2267.11   	
52.461821	 	2281.84   	
52.649181	 	2296.57   	
52.836541	 	2311.3    	
53.023901	 	2326.03   	
53.211261	 	2340.76   	
53.398621	 	2355.49   	
53.585981	 	2370.22   	
53.773341	 	2384.95   	
53.960701	 	2399.68   	
54.148061	 	2414.41   	
54.335421	 	2429.14   	
54.522781	 	2443.87   	
54.710141	 	2458.6    	
54.897501	 	2473.33   	
55.084862	 	2488.56   	
55.272222	 	2504.4    	
55.459582	 	2520.23   	
55.646942	 	2536.07   	
55.834302	 	2551.91   	
56.021662	 	2567.74   	
56.209022	 	2583.58   	
56.396382	 	2599.42   	
56.583742	 	2615.25   	
56.771102	 	2631.09   	
56.958462	 	2646.93   	
57.145822	 	2662.76   	
57.333182	 	2678.6    	
57.520542	 	2694.44   	
57.707903	 	2710.27   	
57.895263	 	2726.11   	
58.082623	 	2741.95   	
58.269983	 	2757.78   	
58.457343	 	2773.62   	
58.644703	 	2789.46   	
58.832063	 	2805.29   	
59.019423	 	2821.13   	
59.206783	 	2836.96   	
59.394143	 	2852.8    	
59.581503	 	2868.64   	
59.768863	 	2884.47   	
59.956223	 	2900.31   	
60.143584	 	2916.97   	
60.330944	 	2933.89   	
60.518304	 	2950.81   	
60.705664	 	2967.72   	
60.893024	 	2984.64   	
61.080384	 	3001.55   	
61.267744	 	3018.47   	
61.455104	 	3035.39   	
61.642464	 	3052.3    	
61.829824	 	3069.22   	
62.017184	 	3086.13   	
62.204544	 	3103.05   	
62.391904	 	3119.97   	
62.579264	 	3136.88   	
62.766625	 	3153.8    	
62.953985	 	3170.71   	
63.141345	 	3187.63   	
63.328705	 	3204.55   	
63.516065	 	3221.46   	
63.703425	 	3238.38   	
63.890785	 	3255.29   	
64.078145	 	3272.21   	
64.265505	 	3289.13   	
64.452865	 	3306.04   	
64.640225	 	3322.96   	
64.827585	 	3339.87   	
65.014945	 	3356.87   	
65.202305	 	3374.84   	
65.389666	 	3392.81   	
65.577026	 	3410.78   	
65.764386	 	3428.75   	
65.951746	 	3446.72   	
66.139106	 	3464.69   	
66.326466	 	3482.66   	
66.513826	 	3500.63   	
66.701186	 	3518.6    	
66.888546	 	3536.57   	
67.075906	 	3554.54   	
67.263266	 	3572.51   	
67.450626	 	3590.48   	
67.637986	 	3608.45   	
67.825347	 	3626.42   	
68.012707	 	3644.39   	
68.200067	 	3662.36   	
68.387427	 	3680.33   	
68.574787	 	3698.29   	
68.762147	 	3716.26   	
68.949507	 	3734.23   	
69.136867	 	3752.2    	
69.324227	 	3770.17   	
69.511587	 	3788.14   	
69.698947	 	3806.11   	
69.886307	 	3824.08   	
70.073667	 	3842.46   	
70.261027	 	3861.46   	
70.448388	 	3880.45   	
70.635748	 	3899.45   	
70.823108	 	3918.45   	
71.010468	 	3937.45   	
71.197828	 	3956.45   	
71.385188	 	3975.45   	
71.572548	 	3994.45   	
71.759908	 	4013.45   	
71.947268	 	4032.45   	
72.134628	 	4051.44   	
72.321988	 	4070.44   	
72.509348	 	4089.44   	
72.696708	 	4108.44   	
72.884068	 	4127.44   	
73.071429	 	4146.44   	
73.258789	 	4165.44   	
73.446149	 	4184.44   	
73.633509	 	4203.44   	
73.820869	 	4222.43   	
74.008229	 	4241.43   	
74.195589	 	4260.43   	
74.382949	 	4279.43   	
74.570309	 	4298.43   	
74.757669	 	4317.43   	
74.945029	 	4336.43   	
75.132389	 	4356.14   	
75.319749	 	4376.14   	
75.507110	 	4396.15   	
75.694470	 	4416.15   	
75.881830	 	4436.16   	
76.069190	 	4456.16   	
76.256550	 	4476.17   	
76.443910	 	4496.17   	
76.631270	 	4516.18   	
76.818630	 	4536.18   	
77.005990	 	4556.19   	
77.193350	 	4576.19   	
77.380710	 	4596.2    	
77.568070	 	4616.2    	
77.755430	 	4636.21   	
77.942790	 	4656.21   	
78.130151	 	4676.22   	
78.317511	 	4696.22   	
78.504871	 	4716.23   	
78.692231	 	4736.23   	
78.879591	 	4756.24   	
79.066951	 	4776.24   	
79.254311	 	4796.25   	
79.441671	 	4816.25   	
79.629031	 	4836.26   	
79.816391	 	4856.26   	
80.003751	 	4876.29   	
80.191111	 	4897.28   	
80.378471	 	4918.27   	
80.565831	 	4939.26   	
80.753192	 	4960.25   	
80.940552	 	4981.23   	
81.127912	 	5002.22   	
81.315272	 	5023.21   	
81.502632	 	5044.2    	
81.689992	 	5065.19   	
81.877352	 	5086.18   	
82.064712	 	5107.17   	
82.252072	 	5128.16   	
82.439432	 	5149.15   	
82.626792	 	5170.14   	
82.814152	 	5191.13   	
83.001512	 	5212.12   	
83.188873	 	5233.1    	
83.376233	 	5254.09   	
83.563593	 	5275.08   	
83.750953	 	5296.07   	
83.938313	 	5317.06   	
84.125673	 	5338.05   	
84.313033	 	5359.04   	
84.500393	 	5380.03   	
84.687753	 	5401.02   	
84.875113	 	5422.01   	
85.062473	 	5443.32   	
85.249833	 	5465.27   	
85.437193	 	5487.22   	
85.624553	 	5509.17   	
85.811914	 	5531.13   	
85.999274	 	5553.08   	
86.186634	 	5575.03   	
86.373994	 	5596.98   	
86.561354	 	5618.93   	
86.748714	 	5640.89   	
86.936074	 	5662.84   	
87.123434	 	5684.79   	
87.310794	 	5706.74   	
87.498154	 	5728.69   	
87.685514	 	5750.65   	
87.872874	 	5772.6    	
88.060234	 	5794.55   	
88.247594	 	5816.5    	
88.434955	 	5838.46   	
88.622315	 	5860.41   	
88.809675	 	5882.36   	
88.997035	 	5904.31   	
89.184395	 	5926.26   	
89.371755	 	5948.22   	
89.559115	 	5970.17   	
89.746475	 	5992.12   	
89.933835	 	6014.07   	
90.121195	 	6036.63   	
90.308555	 	6059.53   	
90.495915	 	6082.42   	
90.683275	 	6105.32   	
90.870636	 	6128.21   	
91.057996	 	6151.11   	
91.245356	 	6174      	
91.432716	 	6196.9    	
91.620076	 	6219.79   	
91.807436	 	6242.69   	
91.994796	 	6265.58   	
92.182156	 	6288.48   	
92.369516	 	6311.37   	
92.556876	 	6334.27   	
92.744236	 	6357.16   	
92.931596	 	6380.06   	
93.118956	 	6402.95   	
93.306316	 	6425.85   	
93.493677	 	6448.74   	
93.681037	 	6471.64   	
93.868397	 	6494.53   	
94.055757	 	6517.43   	
94.243117	 	6540.32   	
94.430477	 	6563.22   	
94.617837	 	6586.11   	
94.805197	 	6609.01   	
94.992557	 	6631.9    	
95.179917	 	6655.68   	
95.367277	 	6679.5    	
95.554637	 	6703.32   	
95.741997	 	6727.14   	
95.929357	 	6750.96   	
96.116718	 	6774.78   	
96.304078	 	6798.59   	
96.491438	 	6822.41   	
96.678798	 	6846.23   	
96.866158	 	6870.05   	
97.053518	 	6893.87   	
97.240878	 	6917.69   	
97.428238	 	6941.5    	
97.615598	 	6965.32   	
97.802958	 	6989.14   	
97.990318	 	7012.96   	
98.177678	 	7036.78   	
98.365038	 	7060.6    	
98.552399	 	7084.41   	
98.739759	 	7108.23   	
98.927119	 	7132.05   	
99.114479	 	7155.87   	
99.301839	 	7179.69   	
99.489199	 	7203.51   	
99.676559	 	7227.32   	
99.863919	 	7251.14   	
