Ground State

 180.00   2.613039E+00
 177.19   2.580834E+00
 174.39   2.485925E+00
 171.60   2.333352E+00
 168.83   2.131253E+00
 166.09   1.890473E+00
 163.38   1.623999E+00
 160.71   1.346253E+00
 158.08   1.072232E+00
 155.51   8.165683E-01
 152.98   5.925419E-01
 150.50   4.111459E-01
 148.08   2.802812E-01
 145.72   2.041734E-01
 143.42   1.830843E-01
 141.17   2.133620E-01
 138.99   2.878392E-01
 136.86   3.965466E-01
 134.79   5.276674E-01
 132.77   6.686325E-01
 130.81   8.072361E-01
 128.91   9.326524E-01
 127.06   1.036249E+00
 125.25   1.112122E+00
 123.50   1.157317E+00
 121.79   1.171738E+00
 120.13   1.157789E+00
 118.52   1.119806E+00
 116.94   1.063393E+00
 115.41   9.947175E-01
 113.91   9.198765E-01
 112.45   8.443790E-01
 111.03   7.727856E-01
 109.64   7.085185E-01
 108.28   6.538269E-01
 106.95   6.098803E-01
 105.65   5.769494E-01
 104.38   5.546316E-01
 103.14   5.420825E-01
 101.92   5.382216E-01
 100.72   5.418902E-01
  99.55   5.519519E-01
  98.40   5.673356E-01
  97.27   5.870305E-01
  96.16   6.100481E-01
  95.07   6.353694E-01
  94.00   6.618967E-01
  92.95   6.884227E-01
  91.91   7.136302E-01
  90.89   7.361229E-01
  89.88   7.544877E-01
  88.89   7.673781E-01
  87.92   7.736105E-01
  86.95   7.722583E-01
  86.00   7.627347E-01
  85.06   7.448530E-01
  84.14   7.188589E-01
  83.22   6.854304E-01
  82.32   6.456465E-01
  81.42   6.009264E-01
  80.54   5.529444E-01
  79.66   5.035273E-01
  78.80   4.545423E-01
  77.94   4.077847E-01
  77.09   3.648722E-01
  76.25   3.271558E-01
  75.42   2.956516E-01
  74.60   2.709984E-01
  73.78   2.534412E-01
  72.97   2.428416E-01
  72.17   2.387108E-01
  71.37   2.402608E-01
  70.58   2.464698E-01
  69.79   2.561556E-01
  69.02   2.680513E-01
  68.24   2.808811E-01
  67.47   2.934285E-01
  66.71   3.045972E-01
  65.96   3.134599E-01
  65.20   3.192933E-01
  64.45   3.215994E-01
  63.71   3.201123E-01
  62.97   3.147915E-01
  62.24   3.058035E-01
  61.51   2.934936E-01
  60.78   2.783518E-01
  60.06   2.609744E-01
  59.34   2.420234E-01
  58.63   2.221884E-01
  57.91   2.021496E-01
  57.21   1.825463E-01
  56.50   1.639491E-01
  55.80   1.468398E-01
  55.10   1.315959E-01
  54.40   1.184824E-01
  53.71   1.076503E-01
  53.02   9.913990E-02
  52.33   9.289023E-02
  51.65   8.875177E-02
  50.97   8.650250E-02
  50.29   8.586544E-02
  49.61   8.652681E-02
  48.93   8.815371E-02
  48.26   9.041071E-02
  47.59   9.297469E-02
  46.92   9.554764E-02
  46.26   9.786708E-02
  45.59   9.971400E-02
  44.93   1.009182E-01
  44.27   1.013607E-01
  43.61   1.009739E-01
  42.96   9.973886E-02
  42.30   9.768077E-02
  41.65   9.486251E-02
  41.00   9.137725E-02
  40.35   8.734057E-02
  39.70   8.288245E-02
  39.05   7.813979E-02
  38.40   7.324957E-02
  37.76   6.834297E-02
  37.12   6.354032E-02
  36.48   5.894710E-02
  35.84   5.465098E-02
  35.20   5.071977E-02
  34.56   4.720050E-02
  33.92   4.411951E-02
  33.29   4.148355E-02
  32.66   3.928174E-02
  32.02   3.748819E-02
  31.39   3.606507E-02
  30.76   3.496582E-02
  30.13   3.413840E-02
  29.50   3.352815E-02
  28.87   3.308051E-02
  28.25   3.274324E-02
  27.62   3.246831E-02
  26.99   3.221342E-02
  26.37   3.194320E-02
  25.75   3.162996E-02
  25.12   3.125409E-02
  24.50   3.080399E-02
  23.88   3.027570E-02
  23.26   2.967201E-02
  22.64   2.900148E-02
  22.02   2.827713E-02
  21.40   2.751527E-02
  20.78   2.673424E-02
  20.17   2.595341E-02
  19.55   2.519225E-02
  18.93   2.446962E-02
  18.32   2.380311E-02
  17.70   2.320854E-02
  17.09   2.269948E-02
  16.47   2.228683E-02
  15.86   2.197842E-02
  15.25   2.177878E-02
  14.63   2.168901E-02
  14.02   2.170676E-02
  13.41   2.182650E-02
  12.80   2.203982E-02
  12.18   2.233606E-02
  11.57   2.270286E-02
  10.96   2.312694E-02
  10.35   2.359463E-02
   9.74   2.409255E-02
   9.13   2.460791E-02
   8.52   2.512883E-02
   7.91   2.564446E-02
   7.30   2.614495E-02
   6.69   2.662153E-02
   6.08   2.706654E-02
   5.48   2.747353E-02
   4.87   2.783745E-02
   4.26   2.815488E-02
   3.65   2.842416E-02
   3.04   2.864536E-02
   2.43   2.882012E-02
   1.82   2.895114E-02
   1.22   2.904161E-02
   0.61   2.909450E-02
   0.00   2.911188E-02
   
   
First Excited State

 180.00   4.513033E-01
 177.22   4.561409E-01
 174.45   4.707568E-01
 171.69   4.954270E-01
 168.95   5.305044E-01
 166.23   5.762689E-01
 163.55   6.327402E-01
 160.91   6.994734E-01
 158.31   7.753671E-01
 155.75   8.585111E-01
 153.24   9.461077E-01
 150.78   1.034490E+00
 148.38   1.119259E+00
 146.03   1.195539E+00
 143.74   1.258350E+00
 141.51   1.303053E+00
 139.33   1.325838E+00
 137.21   1.324191E+00
 135.15   1.297275E+00
 133.14   1.246178E+00
 131.19   1.173976E+00
 129.28   1.085592E+00
 127.43   9.874511E-01
 125.63   8.869623E-01
 123.88   7.918719E-01
 122.17   7.095641E-01
 120.51   6.463798E-01
 118.90   6.070311E-01
 117.32   5.941739E-01
 115.78   6.081837E-01
 114.28   6.471557E-01
 112.82   7.071229E-01
 111.39   7.824636E-01
 110.00   8.664482E-01
 108.64   9.518646E-01
 107.31   1.031656E+00
 106.00   1.099508E+00
 104.73   1.150332E+00
 103.48   1.180606E+00
 102.26   1.188559E+00
 101.06   1.174183E+00
  99.88   1.139096E+00
  98.73   1.086283E+00
  97.59   1.019746E+00
  96.48   9.440978E-01
  95.39   8.641545E-01
  94.31   7.845523E-01
  93.25   7.094213E-01
  92.21   6.421380E-01
  91.19   5.851681E-01
  90.18   5.400001E-01
  89.18   5.071627E-01
  88.20   4.863138E-01
  87.23   4.763811E-01
  86.28   4.757374E-01
  85.33   4.823897E-01
  84.40   4.941657E-01
  83.48   5.088840E-01
  82.58   5.244977E-01
  81.68   5.392045E-01
  80.79   5.515216E-01
  79.91   5.603254E-01
  79.04   5.648589E-01
  78.18   5.647134E-01
  77.33   5.597899E-01
  76.49   5.502482E-01
  75.65   5.364504E-01
  74.82   5.189042E-01
  74.00   4.982115E-01
  73.19   4.750236E-01
  72.38   4.500069E-01
  71.58   4.238153E-01
  70.79   3.970721E-01
  70.00   3.703569E-01
  69.22   3.441982E-01
  68.44   3.190685E-01
  67.67   2.953812E-01
  66.91   2.734890E-01
  66.15   2.536824E-01
  65.39   2.361875E-01
  64.64   2.211642E-01
  63.89   2.087041E-01
  63.15   1.988275E-01
  62.42   1.914825E-01
  61.68   1.865445E-01
  60.95   1.838180E-01
  60.23   1.830415E-01
  59.51   1.838954E-01
  58.79   1.860134E-01
  58.07   1.889960E-01
  57.36   1.924274E-01
  56.66   1.958923E-01
  55.95   1.989935E-01
  55.25   2.013683E-01
  54.55   2.027032E-01
  53.86   2.027460E-01
  53.16   2.013149E-01
  52.47   1.983042E-01
  51.79   1.936867E-01
  51.10   1.875120E-01
  50.42   1.799022E-01
  49.74   1.710432E-01
  49.07   1.611742E-01
  48.39   1.505739E-01
  47.72   1.395464E-01
  47.05   1.284057E-01
  46.38   1.174605E-01
  45.71   1.070007E-01
  45.05   9.728531E-02
  44.39   8.853267E-02
  43.73   8.091335E-02
  43.07   7.454560E-02
  42.41   6.949344E-02
  41.75   6.576711E-02
  41.10   6.332575E-02
  40.45   6.208207E-02
  39.80   6.190867E-02
  39.15   6.264566E-02
  38.50   6.410923E-02
  37.86   6.610084E-02
  37.21   6.841628E-02
  36.57   7.085454E-02
  35.93   7.322576E-02
  35.29   7.535812E-02
  34.65   7.710345E-02
  34.01   7.834133E-02
  33.37   7.898174E-02
  32.74   7.896631E-02
  32.10   7.826824E-02
  31.47   7.689097E-02
  30.84   7.486585E-02
  30.20   7.224889E-02
  29.57   6.911677E-02
  28.94   6.556240E-02
  28.32   6.169009E-02
  27.69   5.761065E-02
  27.06   5.343669E-02
  26.43   4.927810E-02
  25.81   4.523807E-02
  25.19   4.140977E-02
  24.56   3.787359E-02
  23.94   3.469523E-02
  23.32   3.192450E-02
  22.69   2.959480E-02
  22.07   2.772338E-02
  21.45   2.631212E-02
  20.83   2.534888E-02
  20.21   2.480926E-02
  19.60   2.465869E-02
  18.98   2.485472E-02
  18.36   2.534938E-02
  17.74   2.609166E-02
  17.13   2.702974E-02
  16.51   2.811322E-02
  15.90   2.929491E-02
  15.28   3.053246E-02
  14.67   3.178941E-02
  14.05   3.303595E-02
  13.44   3.424916E-02
  12.83   3.541276E-02
  12.21   3.651666E-02
  11.60   3.755604E-02
  10.99   3.853039E-02
  10.38   3.944244E-02
   9.76   4.029705E-02
   9.15   4.110027E-02
   8.54   4.185846E-02
   7.93   4.257758E-02
   7.32   4.326251E-02
   6.71   4.391664E-02
   6.10   4.454144E-02
   5.49   4.513629E-02
   4.88   4.569831E-02
   4.27   4.622255E-02
   3.66   4.670223E-02
   3.05   4.712923E-02
   2.44   4.749477E-02
   1.83   4.779012E-02
   1.22   4.800744E-02
   0.61   4.814052E-02
   0.00   4.818533E-02