Energy (MeV/u)1	0 - [He-base] F.Hubert et al, AD&ND Tables 46(1990)1	Energy (MeV/u)2	1 - [H -base] J.F.Ziegler et al, Pergamon Press, NY (low energy)	Energy (MeV/u)3	2 - ATIMA 1.2  LS-theory (recommended for high energy)	Energy (MeV/u)4	3 - ATIMA 1.2  without LS-correction	Energy (MeV/u)5	4 - electrical component of [1] - J.F.Ziegler et al	Energy (MeV/u)6	5 - nuclear component of [1] - J.F.Ziegler et al	
0.001000	14.3602   	0.001000	14.3602   	0.001000	12.8649   	0.001000	12.8649   	0.001000	3.84793   	0.001000	10.5123   	
0.002000	15.1229   	0.002000	15.1229   	0.002000	13.214    	0.002000	13.214    	0.002000	4.99014   	0.002000	10.1328   	
0.005000	15.4254   	0.005000	15.4254   	0.005000	12.8051   	0.005000	12.8051   	0.005000	7.03624   	0.005000	8.38911   	
0.008000	15.5334   	0.008000	15.5334   	0.008000	12.4605   	0.008000	12.4605   	0.008000	8.39239   	0.008000	7.14102   	
0.010000	15.6451   	0.010000	15.6451   	0.010000	12.3334   	0.010000	12.3334   	0.010000	9.12487   	0.010000	6.52018   	
0.015000	16.0298   	0.015000	16.0298   	0.015000	12.2412   	0.015000	12.2412   	0.015000	10.6233   	0.015000	5.40645   	
0.020000	16.4928   	0.020000	16.4928   	0.020000	12.3299   	0.020000	12.3299   	0.020000	11.8335   	0.020000	4.65932   	
0.025000	16.9842   	0.025000	16.9842   	0.025000	12.5089   	0.025000	12.5089   	0.025000	12.8663   	0.025000	4.11784   	
0.030000	17.4811   	0.030000	17.4811   	0.030000	12.7357   	0.030000	12.7357   	0.030000	13.7768   	0.030000	3.70432   	
0.035000	17.9731   	0.035000	17.9731   	0.035000	12.9886   	0.035000	12.9886   	0.035000	14.5966   	0.035000	3.37647   	
0.040000	18.4552   	0.040000	18.4552   	0.040000	13.2553   	0.040000	13.2553   	0.040000	15.3461   	0.040000	3.10909   	
0.045000	18.9253   	0.045000	18.9253   	0.045000	13.5289   	0.045000	13.5289   	0.045000	16.0392   	0.045000	2.88618   	
0.050000	19.3826   	0.050000	19.3826   	0.050000	13.8052   	0.050000	13.8052   	0.050000	16.6856   	0.050000	2.69704   	
0.055000	20.5128   	0.055000	20.5128   	0.055000	14.8168   	0.055000	14.8168   	0.055000	17.9786   	0.055000	2.5342    	
0.060000	21.7763   	0.060000	21.7763   	0.060000	16.0252   	0.060000	16.0252   	0.060000	19.384    	0.060000	2.39232   	
0.070000	24.2403   	0.070000	24.2403   	0.070000	18.4807   	0.070000	18.4807   	0.070000	22.0838   	0.070000	2.15647   	
0.080000	26.5522   	0.080000	26.5522   	0.080000	20.9326   	0.080000	20.9326   	0.080000	24.5844   	0.080000	1.96775   	
0.090000	28.6902   	0.090000	28.6902   	0.090000	23.3222   	0.090000	23.3222   	0.090000	26.888    	0.090000	1.80217   	
0.100000	30.6625   	0.100000	30.6625   	0.100000	25.6398   	0.100000	25.6398   	0.100000	28.9891   	0.100000	1.67338   	
0.120000	34.1442   	0.120000	34.1442   	0.120000	29.9494   	0.120000	29.9494   	0.120000	32.6754   	0.120000	1.46882   	
0.140000	36.9991   	0.140000	36.9991   	0.140000	33.7704   	0.140000	33.7704   	0.140000	35.6906   	0.140000	1.30845   	
0.160000	39.3569   	0.160000	39.3569   	0.160000	37.1142   	0.160000	37.1142   	0.160000	38.1711   	0.160000	1.18584   	
0.180000	41.8378   	0.180000	41.8378   	0.180000	40.0147   	0.180000	40.0147   	0.180000	40.7516   	0.180000	1.08619   	
0.200000	44.1917   	0.200000	44.1917   	0.200000	42.5265   	0.200000	42.5265   	0.200000	43.1883   	0.200000	1.00342   	
0.250000	48.654    	0.250000	48.654    	0.250000	47.4698   	0.250000	47.4698   	0.250000	47.8075   	0.250000	0.84653   	
0.300000	52.1177   	0.300000	52.1177   	0.300000	51.0804   	0.300000	51.0804   	0.300000	51.3825   	0.300000	0.735261  	
0.350000	55.0396   	0.350000	55.0396   	0.350000	53.8615   	0.350000	53.8615   	0.350000	54.3877   	0.350000	0.651834  	
0.400000	58.0083   	0.400000	58.0083   	0.400000	56.1147   	0.400000	56.1147   	0.400000	57.4216   	0.400000	0.586735  	
0.450000	61.0695   	0.450000	61.0695   	0.450000	58.0154   	0.450000	58.0154   	0.450000	60.5352   	0.450000	0.534385  	
0.500000	63.8486   	0.500000	63.8486   	0.500000	59.6651   	0.500000	59.6651   	0.500000	63.3573   	0.500000	0.491285  	
0.600000	66.8564   	0.600000	66.8564   	0.600000	62.8825   	0.600000	62.8825   	0.600000	66.4321   	0.600000	0.424314  	
0.700000	69.0218   	0.700000	69.0218   	0.700000	66.1514   	0.700000	66.1514   	0.700000	68.6473   	0.700000	0.374503  	
0.800000	70.7625   	0.800000	70.7625   	0.800000	68.7581   	0.800000	68.7581   	0.800000	70.4266   	0.800000	0.33588   	
0.900000	72.0194   	0.900000	72.0194   	0.900000	70.8554   	0.900000	70.8554   	0.900000	71.7144   	0.900000	0.304981  	
1.000000	72.8433   	1.000000	72.8433   	1.000000	72.5484   	1.000000	72.5484   	1.000000	72.5636   	1.000000	0.279653  	
1.250000	75.7162   	1.250000	75.7162   	1.250000	75.4746   	1.250000	75.4746   	1.250000	75.4838   	1.250000	0.232481  	
1.500000	76.8925   	1.500000	76.8925   	1.500000	77.1127   	1.500000	77.1127   	1.500000	76.6928   	1.500000	0.199698  	
1.750000	77.3831   	1.750000	77.3831   	1.750000	77.9205   	1.750000	77.9205   	1.750000	77.2076   	1.750000	0.175492  	
2.000000	77.5169   	2.000000	77.5169   	2.000000	78.1767   	2.000000	78.1767   	2.000000	77.3601   	2.000000	0.156832  	
2.250000	76.8085   	2.250000	76.8085   	2.250000	78.0587   	2.250000	78.0587   	2.250000	76.6665   	2.250000	0.141974  	
2.500000	98.2445   	2.500000	75.7119   	2.500000	77.6832   	2.500000	77.6832   	2.500000	75.5821   	2.500000	0.129845  	
3.000000	95.0637   	3.000000	73.5066   	3.000000	76.4513   	3.000000	76.4513   	3.000000	73.3954   	3.000000	0.111186  	
3.500000	91.6139   	3.500000	71.3339   	3.500000	74.8669   	3.500000	74.8669   	3.500000	71.2364   	3.500000	0.0974632 	
4.000000	88.1742   	4.000000	69.2562   	4.000000	72.9438   	4.000000	72.9438   	4.000000	69.1693   	4.000000	0.0869183 	
4.500000	84.865    	4.500000	67.2635   	4.500000	70.9069   	4.500000	70.9069   	4.500000	67.1849   	4.500000	0.078545  	
5.000000	81.7348   	5.000000	65.3404   	5.000000	68.9641   	5.000000	68.9641   	5.000000	65.2687   	5.000000	0.0717244 	
5.500000	78.7982   	5.500000	63.5707   	5.500000	67.1162   	5.500000	67.1162   	5.500000	63.5046   	5.500000	0.0660543 	
6.000000	76.0536   	6.000000	61.8794   	6.000000	65.3606   	6.000000	65.3606   	6.000000	61.8181   	6.000000	0.0612613 	
6.500000	73.492    	6.500000	60.2524   	6.500000	63.6932   	6.500000	63.6932   	6.500000	60.1952   	6.500000	0.0571531 	
7.000000	71.101    	7.000000	58.6814   	7.000000	62.1092   	7.000000	62.1092   	7.000000	58.6278   	7.000000	0.0535902 	
7.500000	68.8677   	7.500000	57.2064   	7.500000	60.6035   	7.500000	60.6035   	7.500000	57.156    	7.500000	0.0504689 	
8.000000	66.7789   	8.000000	55.8152   	8.000000	59.171    	8.000000	59.171    	8.000000	55.7675   	8.000000	0.0477104 	
8.500000	64.8225   	8.500000	54.4981   	8.500000	57.8071   	8.500000	57.8071   	8.500000	54.4529   	8.500000	0.0452539 	
9.000000	62.9871   	9.000000	53.2426   	9.000000	56.5071   	9.000000	56.5071   	9.000000	53.1995   	9.000000	0.0430514 	
9.500000	61.2623   	9.500000	52.041    	9.500000	55.2667   	9.500000	55.2667   	9.500000	51.9999   	9.500000	0.0410648 	
10.000000	59.6386   	10.000000	52.6864   	10.000000	54.0821   	10.000000	54.0821   	10.000000	52.6472   	10.000000	0.0392632 	
11.000000	56.662    	11.000000	50.763    	11.000000	51.4683   	11.000000	51.9971   	11.000000	50.7269   	11.000000	0.036119  	
12.000000	53.9988   	12.000000	48.966    	12.000000	49.1093   	12.000000	50.0755   	12.000000	48.9325   	12.000000	0.0334648 	
13.000000	51.6021   	13.000000	47.2887   	13.000000	46.9715   	13.000000	48.301    	13.000000	47.2575   	13.000000	0.0311927 	
14.000000	49.4332   	14.000000	45.7228   	14.000000	45.0262   	14.000000	46.6588   	14.000000	45.6935   	14.000000	0.0292244 	
15.000000	47.4607   	15.000000	44.2594   	15.000000	43.2488   	15.000000	45.1357   	15.000000	44.2319   	15.000000	0.0275018 	
16.000000	45.6585   	16.000000	42.8902   	16.000000	41.6201   	16.000000	43.7199   	16.000000	42.8642   	16.000000	0.0259808 	
17.000000	44.0052   	17.000000	41.6071   	17.000000	40.1227   	17.000000	42.4012   	17.000000	41.5825   	17.000000	0.0246275 	
18.000000	42.4825   	18.000000	40.4028   	18.000000	38.7407   	18.000000	41.1703   	18.000000	40.3794   	18.000000	0.0234151 	
19.000000	41.0752   	19.000000	39.2706   	19.000000	37.4628   	19.000000	40.0193   	19.000000	39.2482   	19.000000	0.0223224 	
20.000000	39.7704   	20.000000	38.2044   	20.000000	36.2806   	20.000000	38.941    	20.000000	38.183    	20.000000	0.0213321 	
21.000000	38.5569   	21.000000	37.1987   	21.000000	35.1837   	21.000000	37.9293   	21.000000	37.1783   	21.000000	0.0204303 	
22.000000	37.4252   	22.000000	36.2487   	22.000000	34.1612   	22.000000	36.9784   	22.000000	36.2291   	22.000000	0.0196054 	
23.000000	36.3672   	23.000000	35.3499   	23.000000	33.2069   	23.000000	36.0835   	23.000000	35.3311   	23.000000	0.0188478 	
24.000000	35.3755   	24.000000	34.4983   	24.000000	32.3172   	24.000000	35.2401   	24.000000	34.4802   	24.000000	0.0181495 	
25.000000	34.4441   	25.000000	33.6904   	25.000000	31.4865   	25.000000	34.4443   	25.000000	33.6729   	25.000000	0.0175036 	
27.000000	32.7407   	27.000000	32.1925   	27.000000	29.9765   	27.000000	32.9813   	27.000000	32.1762   	27.000000	0.0163469 	
29.000000	31.2204   	29.000000	30.8338   	29.000000	28.6461   	29.000000	31.67     	29.000000	30.8185   	29.000000	0.0153405 	
31.000000	29.8544   	31.000000	29.5957   	31.000000	27.5379   	31.000000	30.4147   	31.000000	29.5813   	31.000000	0.0144563 	
33.000000	28.6197   	33.000000	28.4627   	33.000000	26.5876   	33.000000	29.2005   	33.000000	28.4491   	33.000000	0.0136731 	
35.000000	27.4978   	35.000000	27.422    	35.000000	25.7099   	35.000000	28.0887   	35.000000	27.409    	35.000000	0.0129743 	
38.000000	25.994    	38.000000	26.0104   	38.000000	24.5079   	38.000000	26.5863   	38.000000	25.9983   	38.000000	0.0120562 	
41.000000	24.6698   	41.000000	24.7521   	41.000000	23.4272   	41.000000	25.252    	41.000000	24.7408   	41.000000	0.011265  	
44.000000	23.494    	44.000000	23.6232   	44.000000	22.4481   	44.000000	24.0588   	44.000000	23.6126   	44.000000	0.0105757 	
47.000000	22.4424   	47.000000	22.6047   	47.000000	21.5583   	47.000000	22.9854   	47.000000	22.5947   	47.000000	0.00996947	
50.000000	21.4958   	50.000000	21.681    	50.000000	20.745    	50.000000	22.0144   	50.000000	21.6716   	50.000000	0.00943203	
55.000000	20.1111   	55.000000	20.3187   	55.000000	19.5349   	55.000000	20.5867   	55.000000	20.3101   	55.000000	0.0086596 	
60.000000	18.9219   	60.000000	19.1391   	60.000000	18.4787   	60.000000	19.3547   	60.000000	19.1311   	60.000000	0.00800912	
65.000000	17.8888   	65.000000	18.1076   	65.000000	17.5484   	65.000000	18.2806   	65.000000	18.1001   	65.000000	0.00745345	
70.000000	16.9821   	70.000000	17.1978   	70.000000	16.7224   	70.000000	17.3359   	70.000000	17.1909   	70.000000	0.00697301	
75.000000	16.1794   	75.000000	16.3895   	75.000000	15.9841   	75.000000	16.4985   	75.000000	16.3829   	75.000000	0.00655328	
80.000000	15.4635   	80.000000	15.6664   	80.000000	15.32     	80.000000	15.7511   	80.000000	15.6602   	80.000000	0.00618328	
85.000000	14.8206   	85.000000	15.0158   	85.000000	14.7193   	85.000000	15.08     	85.000000	15.01     	85.000000	0.00585456	
90.000000	14.2398   	90.000000	14.4273   	90.000000	14.1734   	90.000000	14.4741   	90.000000	14.4218   	90.000000	0.00556046	
95.000000	13.7123   	95.000000	13.8924   	95.000000	13.675    	95.000000	13.9244   	95.000000	13.8871   	95.000000	0.00529573	
100.000000	13.2309   	100.000000	13.4041   	100.000000	13.2196   	100.000000	13.4233   	100.000000	13.399    	100.000000	0.00505611	
105.000000	12.7898   	105.000000	12.9566   	105.000000	12.8006   	105.000000	12.9648   	105.000000	12.9517   	105.000000	0.00483815	
110.000000	12.3838   	110.000000	12.5449   	110.000000	12.4135   	110.000000	12.5437   	110.000000	12.5403   	110.000000	0.00463898	
115.000000	12.0089   	115.000000	12.165    	115.000000	12.0562   	115.000000	12.1555   	115.000000	12.1605   	115.000000	0.00445625	
120.000000	11.6615   	120.000000	11.8133   	120.000000	11.7237   	120.000000	11.7966   	120.000000	11.809    	120.000000	0.00428798	
125.000000	11.3387   	125.000000	11.4868   	125.000000	11.414    	125.000000	11.4638   	125.000000	11.4827   	125.000000	0.00413248	
130.000000	11.0378   	130.000000	11.1829   	130.000000	11.1266   	130.000000	11.1544   	130.000000	11.1789   	130.000000	0.00398834	
135.000000	10.7566   	135.000000	10.8993   	135.000000	10.8575   	135.000000	10.866    	135.000000	10.8954   	135.000000	0.00385434	
140.000000	10.4933   	140.000000	10.634    	140.000000	10.605    	140.000000	10.5965   	140.000000	10.6303   	140.000000	0.00372943	
145.000000	10.246    	145.000000	10.3854   	145.000000	10.3675   	145.000000	10.3442   	145.000000	10.3818   	145.000000	0.00361271	
150.000000	10.0134   	150.000000	10.152    	150.000000	10.1439   	150.000000	10.1075   	150.000000	10.1485   	150.000000	0.00350337	
155.000000	9.75314   	155.000000	9.93231   	155.000000	9.93423   	155.000000	9.88491   	155.000000	9.92891   	155.000000	0.00340074	
160.000000	9.55899   	160.000000	9.72527   	160.000000	9.73635   	160.000000	9.67532   	160.000000	9.72196   	160.000000	0.0033042 	
165.000000	9.37548   	165.000000	9.52978   	165.000000	9.54823   	165.000000	9.47759   	165.000000	9.52657   	165.000000	0.00321323	
170.000000	9.20174   	170.000000	9.34493   	170.000000	9.37078   	170.000000	9.29075   	170.000000	9.3418    	170.000000	0.00312734	
175.000000	9.03701   	175.000000	9.16987   	175.000000	9.20307   	175.000000	9.11395   	175.000000	9.16682   	175.000000	0.00304611	
180.000000	8.88058   	180.000000	9.00385   	180.000000	9.04322   	180.000000	8.94639   	180.000000	9.00088   	180.000000	0.00296918	
185.000000	8.73185   	185.000000	8.84618   	185.000000	8.89109   	185.000000	8.78738   	185.000000	8.84329   	185.000000	0.0028962 	
190.000000	8.59025   	190.000000	8.69627   	190.000000	8.74654   	190.000000	8.63629   	190.000000	8.69344   	190.000000	0.00282687	
195.000000	8.45527   	195.000000	8.55356   	195.000000	8.60879   	195.000000	8.49254   	195.000000	8.5508    	195.000000	0.00276092	
200.000000	8.32645   	200.000000	8.41754   	200.000000	8.47735   	200.000000	8.35563   	200.000000	8.41484   	200.000000	0.00269811	
210.000000	8.08568   	210.000000	8.1638    	210.000000	8.23224   	210.000000	8.10046   	210.000000	8.16122   	210.000000	0.00258103	
220.000000	7.86501   	220.000000	7.93187   	220.000000	8.00741   	220.000000	7.8675    	220.000000	7.9294    	220.000000	0.00247408	
230.000000	7.66203   	230.000000	7.71909   	230.000000	7.80093   	230.000000	7.654     	230.000000	7.71671   	230.000000	0.002376  	
240.000000	7.47466   	240.000000	7.5232    	240.000000	7.61102   	240.000000	7.45766   	240.000000	7.52091   	240.000000	0.0022857 	
250.000000	7.30118   	250.000000	7.34229   	250.000000	7.43513   	250.000000	7.27653   	250.000000	7.34009   	250.000000	0.00220228	
260.000000	7.14007   	260.000000	7.17473   	260.000000	7.27187   	260.000000	7.10893   	260.000000	7.17261   	260.000000	0.00212498	
270.000000	6.99008   	270.000000	7.01913   	270.000000	7.12043   	270.000000	6.95343   	270.000000	7.01707   	270.000000	0.00205314	
280.000000	6.85008   	280.000000	6.87425   	280.000000	6.9794    	280.000000	6.80879   	280.000000	6.87227   	280.000000	0.00198618	
290.000000	6.71911   	290.000000	6.73906   	290.000000	6.84733   	290.000000	6.67393   	290.000000	6.73713   	290.000000	0.00192363	
300.000000	6.59633   	300.000000	6.61262   	300.000000	6.72374   	300.000000	6.54793   	300.000000	6.61076   	300.000000	0.00186505	
310.000000	6.481     	310.000000	6.49414   	310.000000	6.60801   	310.000000	6.42995   	310.000000	6.49233   	310.000000	0.00181008	
320.000000	6.37246   	320.000000	6.3829    	320.000000	6.49935   	320.000000	6.31927   	320.000000	6.38114   	320.000000	0.00175838	
330.000000	6.27015   	330.000000	6.27828   	330.000000	6.39728   	330.000000	6.21525   	330.000000	6.27657   	330.000000	0.00170968	
340.000000	6.17354   	340.000000	6.1797    	340.000000	6.30096   	340.000000	6.11733   	340.000000	6.17804   	340.000000	0.0016637 	
350.000000	6.08218   	350.000000	6.08669   	350.000000	6.20975   	350.000000	6.025     	350.000000	6.08507   	350.000000	0.00162023	
360.000000	5.99566   	360.000000	5.9988    	360.000000	6.12379   	360.000000	5.93783   	360.000000	5.99722   	360.000000	0.00157906	
370.000000	5.91362   	370.000000	5.91562   	370.000000	6.04219   	370.000000	5.85486   	370.000000	5.91408   	370.000000	0.00154002	
380.000000	5.83572   	380.000000	5.8368    	380.000000	5.9647    	380.000000	5.77628   	380.000000	5.83529   	380.000000	0.00150293	
390.000000	5.76166   	390.000000	5.76202   	390.000000	5.89091   	390.000000	5.70178   	390.000000	5.76055   	390.000000	0.00146767	
400.000000	5.69118   	400.000000	5.69098   	400.000000	5.82059   	400.000000	5.63106   	400.000000	5.68955   	400.000000	0.00143408	
410.000000	5.62402   	410.000000	5.62343   	410.000000	5.75375   	410.000000	5.56385   	410.000000	5.62203   	410.000000	0.00140206	
420.000000	5.55998   	420.000000	5.55913   	420.000000	5.69034   	420.000000	5.4999    	420.000000	5.55775   	420.000000	0.00137149	
430.000000	5.49883   	430.000000	5.49784   	430.000000	5.63006   	430.000000	5.43899   	430.000000	5.4965    	430.000000	0.00134228	
440.000000	5.44041   	440.000000	5.43939   	440.000000	5.57259   	440.000000	5.38093   	440.000000	5.43808   	440.000000	0.00131434	
450.000000	5.38454   	450.000000	5.38358   	450.000000	5.51765   	450.000000	5.32553   	450.000000	5.3823    	450.000000	0.00128758	
460.000000	5.33105   	460.000000	5.33025   	460.000000	5.46503   	460.000000	5.27261   	460.000000	5.32899   	460.000000	0.00126193	
470.000000	5.27982   	470.000000	5.27925   	470.000000	5.4146    	470.000000	5.22203   	470.000000	5.27801   	470.000000	0.00123733	
480.000000	5.23071   	480.000000	5.23044   	480.000000	5.36633   	480.000000	5.17364   	480.000000	5.22922   	480.000000	0.0012137 	
490.000000	5.18359   	490.000000	5.18367   	490.000000	5.32014   	490.000000	5.12731   	490.000000	5.18248   	490.000000	0.001191  	
500.000000	5.13836   	500.000000	5.13885   	500.000000	5.27587   	500.000000	5.08291   	500.000000	5.13768   	500.000000	0.00116916	
520.000000	5.05314   	520.000000	5.05458   	520.000000	5.19264   	520.000000	4.99951   	520.000000	5.05346   	520.000000	0.00112789	
540.000000	4.9743    	540.000000	4.97685   	540.000000	5.11596   	540.000000	4.92262   	540.000000	4.97576   	540.000000	0.00108955	
560.000000	4.90121   	560.000000	4.90496   	560.000000	5.04491   	560.000000	4.85156   	560.000000	4.9039    	560.000000	0.00105382	
580.000000	4.8333    	580.000000	4.83833   	580.000000	4.97879   	580.000000	4.78574   	580.000000	4.83731   	580.000000	0.00102045	
600.000000	4.77008   	600.000000	4.77646   	600.000000	4.91761   	600.000000	4.72463   	600.000000	4.77547   	600.000000	0.000989211	
620.000000	4.71114   	620.000000	4.7189    	620.000000	4.86082   	620.000000	4.6678    	620.000000	4.71794   	620.000000	0.000959896	
640.000000	4.65609   	640.000000	4.66525   	640.000000	4.80763   	640.000000	4.61483   	640.000000	4.66432   	640.000000	0.000932333	
660.000000	4.60461   	660.000000	4.61517   	660.000000	4.75786   	660.000000	4.56539   	660.000000	4.61426   	660.000000	0.000906368	
680.000000	4.55639   	680.000000	4.56834   	680.000000	4.71135   	680.000000	4.51915   	680.000000	4.56746   	680.000000	0.000881864	
700.000000	4.51118   	700.000000	4.52451   	700.000000	4.6678    	700.000000	4.47586   	700.000000	4.52365   	700.000000	0.0008587 	
720.000000	4.46873   	720.000000	4.48343   	720.000000	4.62694   	720.000000	4.43526   	720.000000	4.48259   	720.000000	0.000836767	
740.000000	4.42884   	740.000000	4.44488   	740.000000	4.58854   	740.000000	4.39713   	740.000000	4.44406   	740.000000	0.000815968	
760.000000	4.39132   	760.000000	4.40866   	760.000000	4.55242   	760.000000	4.36127   	760.000000	4.40786   	760.000000	0.000796217	
780.000000	4.356     	780.000000	4.3746    	780.000000	4.51843   	780.000000	4.32752   	780.000000	4.37383   	780.000000	0.000777435	
800.000000	4.32272   	800.000000	4.34255   	800.000000	4.48642   	800.000000	4.29572   	800.000000	4.34179   	800.000000	0.000759552	
820.000000	4.29135   	820.000000	4.31235   	820.000000	4.45619   	820.000000	4.26571   	820.000000	4.31161   	820.000000	0.000742504	
840.000000	4.26174   	840.000000	4.28389   	840.000000	4.42755   	840.000000	4.23737   	840.000000	4.28316   	840.000000	0.000726233	
860.000000	4.2338    	860.000000	4.25704   	860.000000	4.40037   	860.000000	4.21058   	860.000000	4.25633   	860.000000	0.000710687	
880.000000	4.20742   	880.000000	4.23169   	880.000000	4.37464   	880.000000	4.18524   	880.000000	4.231     	880.000000	0.000695816	
900.000000	4.18248   	900.000000	4.20775   	900.000000	4.35035   	900.000000	4.16124   	900.000000	4.20707   	900.000000	0.000681579	
920.000000	4.15892   	920.000000	4.18513   	920.000000	4.32741   	920.000000	4.1385    	920.000000	4.18446   	920.000000	0.000667934	
940.000000	4.13664   	940.000000	4.16374   	940.000000	4.30566   	940.000000	4.11693   	940.000000	4.16309   	940.000000	0.000654845	
960.000000	4.11557   	960.000000	4.14352   	960.000000	4.28497   	960.000000	4.09646   	960.000000	4.14288   	960.000000	0.000642279	
980.000000	4.09564   	980.000000	4.12438   	980.000000	4.26523   	980.000000	4.07702   	980.000000	4.12375   	980.000000	0.000630204	
1000.000000	4.07679   	1000.000000	4.10627   	1000.000000	4.24644   	1000.000000	4.05855   	1000.000000	4.10565   	1000.000000	0.000618591	
1020.000000	4.05896   	1020.000000	4.08913   	1020.000000	4.22858   	1020.000000	4.04099   	1020.000000	4.08852   	1020.000000	0.000607414	
1040.000000	4.04209   	1040.000000	4.0729    	1040.000000	4.21163   	1040.000000	4.02427   	1040.000000	4.0723    	1040.000000	0.000596649	
1060.000000	4.02613   	1060.000000	4.05753   	1060.000000	4.19556   	1060.000000	4.00836   	1060.000000	4.05694   	1060.000000	0.000586273	
1080.000000	4.01104   	1080.000000	4.04298   	1080.000000	4.18026   	1080.000000	3.99321   	1080.000000	4.0424    	1080.000000	0.000576266	
1100.000000	3.99677   	1100.000000	4.0292    	1100.000000	4.16567   	1100.000000	3.97877   	1100.000000	4.02863   	1100.000000	0.000566607	
1120.000000	3.98328   	1120.000000	4.01614   	1120.000000	4.15172   	1120.000000	3.96501   	1120.000000	4.01559   	1120.000000	0.000557278	
1140.000000	3.97052   	1140.000000	4.00379   	1140.000000	4.13838   	1140.000000	3.95188   	1140.000000	4.00324   	1140.000000	0.000548263	
1160.000000	3.95848   	1160.000000	3.99209   	1160.000000	4.12562   	1160.000000	3.93936   	1160.000000	3.99155   	1160.000000	0.000539546	
1180.000000	3.94711   	1180.000000	3.98102   	1180.000000	4.11342   	1180.000000	3.9274    	1180.000000	3.98048   	1180.000000	0.000531112	
1200.000000	3.93637   	1200.000000	3.97054   	1200.000000	4.10177   	1200.000000	3.91599   	1200.000000	3.97001   	1200.000000	0.000522947	
1220.000000	3.92625   	1220.000000	3.96062   	1220.000000	4.09064   	1220.000000	3.90508   	1220.000000	3.96011   	1220.000000	0.000515039	
1240.000000	3.91672   	1240.000000	3.95125   	1240.000000	4.08002   	1240.000000	3.89466   	1240.000000	3.95074   	1240.000000	0.000507375	
1260.000000	3.90774   	1260.000000	3.94239   	1260.000000	4.06987   	1260.000000	3.88471   	1260.000000	3.94189   	1260.000000	0.000499945	
1280.000000	3.8993    	1280.000000	3.93402   	1280.000000	4.06016   	1280.000000	3.87519   	1280.000000	3.93353   	1280.000000	0.000492737	
1300.000000	3.89136   	1300.000000	3.92612   	1300.000000	4.05087   	1300.000000	3.86609   	1300.000000	3.92564   	1300.000000	0.000485742	
1320.000000	3.88392   	1320.000000	3.91867   	1320.000000	4.04198   	1320.000000	3.85738   	1320.000000	3.91819   	1320.000000	0.000478949	
1340.000000	3.87695   	1340.000000	3.91164   	1340.000000	4.03348   	1340.000000	3.84905   	1340.000000	3.91117   	1340.000000	0.000472351	
1360.000000	3.87043   	1360.000000	3.90502   	1360.000000	4.02533   	1360.000000	3.84108   	1360.000000	3.90456   	1360.000000	0.00046594	
1380.000000	3.86433   	1380.000000	3.89879   	1380.000000	4.01754   	1380.000000	3.83345   	1380.000000	3.89833   	1380.000000	0.000459706	
1400.000000	3.85866   	1400.000000	3.89294   	1400.000000	4.01007   	1400.000000	3.82615   	1400.000000	3.89249   	1400.000000	0.000453643	
1420.000000	3.85338   	1420.000000	3.88745   	1420.000000	4.00293   	1420.000000	3.81916   	1420.000000	3.887     	1420.000000	0.000447744	
1440.000000	3.84849   	1440.000000	3.8823    	1440.000000	3.99609   	1440.000000	3.81247   	1440.000000	3.88186   	1440.000000	0.000442002	
1460.000000	3.84396   	1460.000000	3.87748   	1460.000000	3.98954   	1460.000000	3.80606   	1460.000000	3.87705   	1460.000000	0.00043641	
1480.000000	3.83979   	1480.000000	3.87298   	1480.000000	3.98327   	1480.000000	3.79993   	1480.000000	3.87255   	1480.000000	0.000430964	
1500.000000	3.83597   	1500.000000	3.86879   	1500.000000	3.97726   	1500.000000	3.79405   	1500.000000	3.86836   	1500.000000	0.000425657	
1520.000000	3.83247   	1520.000000	3.86489   	1520.000000	3.9715    	1520.000000	3.78842   	1520.000000	3.86446   	1520.000000	0.000420484	
1540.000000	3.82929   	1540.000000	3.86126   	1540.000000	3.96598   	1540.000000	3.78303   	1540.000000	3.86085   	1540.000000	0.000415439	
1560.000000	3.82642   	1560.000000	3.85791   	1560.000000	3.96068   	1560.000000	3.77787   	1560.000000	3.8575    	1560.000000	0.000410519	
1580.000000	3.82384   	1580.000000	3.85482   	1580.000000	3.9556    	1580.000000	3.77292   	1580.000000	3.85442   	1580.000000	0.000405718	
1600.000000	3.82155   	1600.000000	3.85199   	1600.000000	3.95071   	1600.000000	3.76819   	1600.000000	3.85159   	1600.000000	0.000401033	
1620.000000	3.81954   	1620.000000	3.84939   	1620.000000	3.94603   	1620.000000	3.76365   	1620.000000	3.84899   	1620.000000	0.000396458	
1640.000000	3.81779   	1640.000000	3.84703   	1640.000000	3.94153   	1640.000000	3.7593    	1640.000000	3.84664   	1640.000000	0.00039199	
1660.000000	3.8163    	1660.000000	3.84489   	1660.000000	3.93721   	1660.000000	3.75514   	1660.000000	3.8445    	1660.000000	0.000387626	
1680.000000	3.81506   	1680.000000	3.84297   	1680.000000	3.93307   	1680.000000	3.75116   	1680.000000	3.84258   	1680.000000	0.000383361	
1700.000000	3.81406   	1700.000000	3.84126   	1700.000000	3.9291    	1700.000000	3.74735   	1700.000000	3.84088   	1700.000000	0.000379192	
1750.000000	3.81258   	1750.000000	3.83785   	1750.000000	3.91991   	1750.000000	3.73851   	1750.000000	3.83748   	1750.000000	0.000369171	
1800.000000	3.81245   	1800.000000	3.83559   	1800.000000	3.91169   	1800.000000	3.73061   	1800.000000	3.83524   	1800.000000	0.000359684	
1850.000000	3.81357   	1850.000000	3.83441   	1850.000000	3.90437   	1850.000000	3.72353   	1850.000000	3.83406   	1850.000000	0.00035069	
1900.000000	3.81585   	1900.000000	3.83421   	1900.000000	3.89785   	1900.000000	3.71723   	1900.000000	3.83387   	1900.000000	0.00034215	
1950.000000	3.81923   	1950.000000	3.83491   	1950.000000	3.89204   	1950.000000	3.71161   	1950.000000	3.83458   	1950.000000	0.00033403	
2000.000000	3.82361   	2000.000000	3.83646   	2000.000000	3.88687   	2000.000000	3.70663   	2000.000000	3.83613   	2000.000000	0.0003263 	
2100.000000	3.83515   	2100.000000	3.84183   	2100.000000	3.8782    	2100.000000	3.69836   	2100.000000	3.84152   	2100.000000	0.000311902	
2200.000000	3.85002   	2200.000000	3.8499    	2200.000000	3.87145   	2200.000000	3.69203   	2200.000000	3.8496    	2200.000000	0.000298762	
2300.000000	3.86783   	2300.000000	3.86031   	2300.000000	3.86636   	2300.000000	3.68734   	2300.000000	3.86002   	2300.000000	0.000286721	
2400.000000	3.88827   	2400.000000	3.87277   	2400.000000	3.86269   	2400.000000	3.68405   	2400.000000	3.87249   	2400.000000	0.000275644	
2500.000000	3.91105   	2500.000000	3.88703   	2500.000000	3.86025   	2500.000000	3.68194   	2500.000000	3.88677   	2500.000000	0.00026542	
2600.000000	3.93596   	2600.000000	3.90289   	2600.000000	3.85886   	2600.000000	3.68083   	2600.000000	3.90263   	2600.000000	0.000255952	
2700.000000	3.96279   	2700.000000	3.92016   	2700.000000	3.85836   	2700.000000	3.68059   	2700.000000	3.91991   	2700.000000	0.000247158	
2800.000000	3.99137   	2800.000000	3.93869   	2800.000000	3.85861   	2800.000000	3.68109   	2800.000000	3.93845   	2800.000000	0.000238968	
2900.000000	4.02155   	2900.000000	3.95835   	2900.000000	3.85952   	2900.000000	3.68223   	2900.000000	3.95812   	2900.000000	0.000231321	
3000.000000	4.05321   	3000.000000	3.97903   	3000.000000	3.861     	3000.000000	3.68392   	3000.000000	3.9788    	3000.000000	0.000224165	
3200.000000	4.12049   	3200.000000	4.02302   	3200.000000	3.86533   	3200.000000	3.68865   	3200.000000	4.02281   	3200.000000	0.000211144	
3400.000000	4.19246   	3400.000000	4.07003   	3400.000000	3.87114   	3400.000000	3.69481   	3400.000000	4.06983   	3400.000000	0.000199599	
3600.000000	4.26853   	3600.000000	4.11952   	3600.000000	3.87805   	3600.000000	3.70203   	3600.000000	4.11933   	3600.000000	0.000189289	
3800.000000	4.34822   	3800.000000	4.17108   	3800.000000	3.88578   	3800.000000	3.71004   	3800.000000	4.1709    	3800.000000	0.000180025	
4000.000000	4.43116   	4000.000000	4.2244    	4000.000000	3.89412   	4000.000000	3.71864   	4000.000000	4.22423   	4000.000000	0.000171653	
4200.000000	4.51703   	4200.000000	4.27921   	4200.000000	3.9029    	4200.000000	3.72766   	4200.000000	4.27904   	4200.000000	0.000164049	
4400.000000	4.60558   	4400.000000	4.33529   	4400.000000	3.91198   	4400.000000	3.73697   	4400.000000	4.33513   	4400.000000	0.000157111	
4600.000000	4.69659   	4600.000000	4.39246   	4600.000000	3.92127   	4600.000000	3.7465    	4600.000000	4.39231   	4600.000000	0.000150754	
4800.000000	4.78988   	4800.000000	4.45058   	4800.000000	3.93069   	4800.000000	3.75615   	4800.000000	4.45044   	4800.000000	0.000144908	
5000.000000	4.88531   	5000.000000	4.50952   	5000.000000	3.94018   	5000.000000	3.76588   	5000.000000	4.50938   	5000.000000	0.000139512	
5250.000000	5.0074    	5250.000000	4.5842    	5250.000000	3.95208   	5250.000000	3.77806   	5250.000000	4.58406   	5250.000000	0.000133325	
5500.000000	5.1324    	5500.000000	4.65982   	5500.000000	3.96395   	5500.000000	3.79022   	5500.000000	4.65969   	5500.000000	0.000127679	
6000.000000	5.3905    	6000.000000	4.81338   	6000.000000	3.98746   	6000.000000	3.81425   	6000.000000	4.81327   	6000.000000	0.000117751	
6500.000000	5.65851   	6500.000000	4.96935   	6500.000000	4.01048   	6500.000000	3.8377    	6500.000000	4.96924   	6500.000000	0.000109297	
7000.000000	5.93563   	7000.000000	5.1271    	7000.000000	4.03255   	7000.000000	3.86043   	7000.000000	5.12699   	7000.000000	0.00010201	
7500.000000	6.22127   	7500.000000	5.28619   	7500.000000	4.05399   	7500.000000	3.88238   	7500.000000	5.28609   	7500.000000	9.56606e-05	
8000.000000	6.51501   	8000.000000	5.4463    	8000.000000	4.07463   	8000.000000	3.90354   	8000.000000	5.44621   	8000.000000	9.00776e-05	
8500.000000	6.81649   	8500.000000	5.60719   	8500.000000	4.09453   	8500.000000	3.9239    	8500.000000	5.6071    	8500.000000	8.51289e-05	
9000.000000	7.12545   	9000.000000	5.76866   	9000.000000	4.11371   	9000.000000	3.94348   	9000.000000	5.76858   	9000.000000	8.07112e-05	
9500.000000	7.44169   	9500.000000	5.93057   	9500.000000	4.13209   	9500.000000	3.96233   	9500.000000	5.93049   	9500.000000	7.67424e-05	
10000.000000	7.76504   	10000.000000	6.0928    	10000.000000	4.14966   	10000.000000	3.98048   	10000.000000	6.09273   	10000.000000	7.3157e-05	
11000.000000	8.43255   	11000.000000	6.41791   	11000.000000	4.18277   	11000.000000	4.01479   	11000.000000	6.41784   	11000.000000	6.69315e-05	
12000.000000	9.12719   	12000.000000	6.74346   	12000.000000	4.21354   	12000.000000	4.0467    	12000.000000	6.7434    	12000.000000	6.17097e-05	
13000.000000	9.84844   	13000.000000	7.06913   	13000.000000	4.24212   	13000.000000	4.07648   	13000.000000	7.06907   	13000.000000	5.72649e-05	
14000.000000	10.5959   	14000.000000	7.39467   	14000.000000	4.2687    	14000.000000	4.10435   	14000.000000	7.39462   	14000.000000	5.34342e-05	
15000.000000	11.3695   	15000.000000	7.71995   	15000.000000	4.29349   	15000.000000	4.13052   	15000.000000	7.7199    	15000.000000	5.00976e-05	
16000.000000	12.1688   	16000.000000	8.04487   	16000.000000	4.31667   	16000.000000	4.15518   	16000.000000	8.04482   	16000.000000	4.71645e-05	
17000.000000	12.994    	17000.000000	8.36936   	17000.000000	4.33842   	17000.000000	4.17846   	17000.000000	8.36931   	17000.000000	4.45651e-05	
18000.000000	13.8449   	18000.000000	8.69337   	18000.000000	4.35892   	18000.000000	4.20051   	18000.000000	8.69333   	18000.000000	4.2245e-05	
19000.000000	14.7215   	19000.000000	9.01688   	19000.000000	4.37831   	19000.000000	4.22144   	19000.000000	9.01684   	19000.000000	4.01612e-05	
20000.000000	15.6238   	20000.000000	9.33987   	20000.000000	4.39673   	20000.000000	4.24135   	20000.000000	9.33983   	20000.000000	3.8279e-05	
21000.000000	16.552    	21000.000000	9.66233   	21000.000000	4.41419   	21000.000000	4.26033   	21000.000000	9.66229   	21000.000000	3.65702e-05	
22000.000000	17.506    	22000.000000	9.98425   	22000.000000	4.4306    	22000.000000	4.27847   	22000.000000	9.98422   	22000.000000	3.50117e-05	
23000.000000	18.4858   	23000.000000	10.3057   	23000.000000	4.44613   	23000.000000	4.29583   	23000.000000	10.3056   	23000.000000	3.35843e-05	
24000.000000	19.4917   	24000.000000	10.6265   	24000.000000	4.46093   	24000.000000	4.31246   	24000.000000	10.6265   	24000.000000	3.22719e-05	
25000.000000	20.5236   	25000.000000	10.9469   	25000.000000	4.47507   	25000.000000	4.32844   	25000.000000	10.9468   	25000.000000	3.10612e-05	
26000.000000	21.5817   	26000.000000	11.2667   	26000.000000	4.48851   	26000.000000	4.34379   	26000.000000	11.2667   	26000.000000	2.99405e-05	
27000.000000	22.6661   	27000.000000	11.586    	27000.000000	4.50127   	27000.000000	4.35858   	27000.000000	11.586    	27000.000000	2.89002e-05	
28000.000000	23.7769   	28000.000000	11.9049   	28000.000000	4.51346   	28000.000000	4.37284   	28000.000000	11.9049   	28000.000000	2.79318e-05	
29000.000000	24.9142   	29000.000000	12.2232   	29000.000000	4.52519   	29000.000000	4.3866    	29000.000000	12.2232   	29000.000000	2.7028e-05	
30000.000000	26.0781   	30000.000000	12.5411   	30000.000000	4.53648   	30000.000000	4.39989   	30000.000000	12.5411   	30000.000000	2.61825e-05	
32000.000000	28.4863   	32000.000000	13.1755   	32000.000000	4.55767   	32000.000000	4.42521   	32000.000000	13.1755   	32000.000000	2.4645e-05	
34000.000000	31.0025   	34000.000000	13.8081   	34000.000000	4.57709   	34000.000000	4.44899   	34000.000000	13.8081   	34000.000000	2.32828e-05	
36000.000000	33.6278   	36000.000000	14.439    	36000.000000	4.59491   	36000.000000	4.4714    	36000.000000	14.439    	36000.000000	2.20672e-05	
38000.000000	36.3634   	38000.000000	15.0683   	38000.000000	4.61133   	38000.000000	4.4926    	38000.000000	15.0683   	38000.000000	2.09756e-05	
40000.000000	39.2103   	40000.000000	15.696    	40000.000000	4.62655   	40000.000000	4.5127    	40000.000000	15.696    	40000.000000	1.99898e-05	
42000.000000	42.1698   	42000.000000	16.3222   	42000.000000	4.64072   	42000.000000	4.5318    	42000.000000	16.3222   	42000.000000	1.90949e-05	
44000.000000	45.243    	44000.000000	16.947    	44000.000000	4.654     	44000.000000	4.55001   	44000.000000	16.947    	44000.000000	1.82788e-05	
46000.000000	48.4311   	46000.000000	17.5705   	46000.000000	4.66654   	46000.000000	4.5674    	46000.000000	17.5705   	46000.000000	1.75315e-05	
48000.000000	51.7353   	48000.000000	18.1926   	48000.000000	4.67836   	48000.000000	4.58404   	48000.000000	18.1926   	48000.000000	1.68445e-05	
50000.000000	55.157    	50000.000000	18.8135   	50000.000000	4.68936   	50000.000000	4.59999   	50000.000000	18.8134   	50000.000000	1.62108e-05	
