350.0
1      0.0   1.000    0.0     1.0
2   1151.8   0.865    0.0     1.0
3      0.0   1.000    0.0     1.0   
4      0.0   1.000    0.0     1.0
5      0.0   1.000    0.0     1.0
6      0.0   1.000    0.0     1.0
7   1263.4   0.862   -13.891 0.97874555
8      0.0   1.000    0.0     1.0
9      0.0   1.000    0.0     1.0
10     0.0   1.000    0.0     1.0
11  1299.6   0.861   -16.413 1.22962847
12  1136.8   0.865   -10.563 0.88388365
13  1198.2   0.864   -11.871 0.92521110
14     0.0   1.000    0.0     1.0 
15  1488.3   0.863   -15.683 1.13739498
16  2320.6   0.865   -12.314 0.98326024
17  1104.3   0.864   -12.829 1.05980246
18  1264.0   0.864   -11.615 1.03925628
19  1275.0   0.863   -20.498 1.44437617
20  1928.0   0.865    -8.316 0.88837715
21  1112.6   0.866   -13.409 0.99597450
22  2498.1   0.865   -11.737 1.05538219
23  1232.4   0.865   -14.830 1.10404342
24  1246.1   0.863   -12.445 1.11996441
25  3536.0   0.863   -13.396 1.03963412
26  1500.1   0.861    -9.355 0.89369362
27  1416.8   0.864   -16.902 1.10913727
28   945.8   0.864   -12.794 1.09053405
29  1177.5   0.861   -14.665 1.09248473
30  1236.9   0.865   -12.365 1.07393947
31  1253.1   0.864   -14.784 1.00978092
32  1085.1   0.865   -11.706 1.06007530
33  1250.3   0.865   -14.290 1.09460792
34  1697.0   0.864   -11.926 1.08335264
35  1318.9   0.865   -15.403 1.17215862   
36  1130.6   0.864   -11.339 1.01807719
37  1332.5   0.861   -15.085 1.06464737
38     0.0   0.865    0.0     1.0 
39  1234.6   0.865   -14.216 1.05625029
40  1260.6   0.864   -12.981 1.06169415
41  1132.6   0.867   -12.611 0.93728677
42  1104.9   0.863   -11.429 1.01357403
43  1212.8   0.866   -14.132 1.10160542
44  1179.8   0.861   -11.824 1.05474073
45  1262.5   0.865   -15.007 1.09598235
46     0.0   0.863   -13.656 1.07669020 
47  1324.2   0.865   -15.309 1.10977164
48  1199.3   0.863   -12.294 1.03863223
49  1163.0   0.865   -14.138 1.04834721
50   583.5   0.862   -11.440 1.04714767
51     0.0   1.000    0.0     1.0  
52  1145.3   0.865   -12.409 1.04295218
53     0.0   1.000    0.0     1.0
54  2046.3   0.862   -11.957 1.06972323
55  1124.2   0.867   -13.944 1.08560702
56   588.6   0.864   -12.293 1.07932971
57  1154.2   0.863   -14.515 1.04991234
58     0.0   1.000    0.0     1.0
59  1208.8   0.863   -14.547 1.06061872
60   345.7   0.864   -11.179 1.02441120
61  1184.9   0.864   -14.091 1.09384447
62  1127.1   0.864   -14.470 1.11259594
63  1618.8   0.864    -9.823 0.77649120
64  1166.8   0.864   -14.644 1.10515593   
65  1256.7   0.866   -14.633 1.06189263
66  1100.1   0.864   -14.006 1.07922867
67  1208.1   0.865   -14.862 1.16966543
68  1402.0   0.865   -13.282 1.02644304
69  1137.3   0.864   -14.749 1.08759965
70  1227.4   0.864   -14.423 1.06566138
71  1368.4   0.867   -17.250 1.26941043
72  2878.1   0.865   -12.996 1.04699828
73  1122.6   0.865   -13.476 1.05436877
74  1214.5   0.866   -18.554 1.33589193
75  1235.0   0.864   -11.160 0.84351623
76  1183.4   0.865   -13.208 1.09305403
77   945.9   0.863   -13.942 1.02056380
78     0.0   1.000    0.0     1.0
79  4180.0   0.867   -11.190 1.01551659
80  1103.9   0.863   -12.730 1.00152009
81  1146.5   0.865   -13.563 1.03087064
82     0.0   1.000    0.0     1.0
83   985.7   0.865   -13.412 1.05974500
84  1406.1   0.865   -14.935 1.08674951
85  1003.4   0.865   -13.476 1.06793351
86   999.2   0.865   -12.754 1.00645909
87  1100.5   0.865   -18.243 1.27032054
88  1081.5   0.864   -13.670 1.09396414
89     0.0   1.000     0.0     1.0
90  1041.2   0.861   -12.313 0.87721122
91  1127.4   0.863   -16.736 1.19697886
92  1217.3   0.864   -14.392 1.02497327
93  1363.3   0.866   -10.364 0.94536722
94  1750.7   0.865   -11.811 0.88559262
95  1197.6   0.865   -14.355 1.01693336
96  1229.9   0.863   -13.761 1.02968769
97  1063.6   0.863   -12.114 0.99457580
98  1274.0   0.865   -15.209 1.16665155
99  1887.4   0.863   -13.758 1.03266398
100 1463.0   0.865     0.0     1.0        
101    0.0   0.861   -13.763 1.05937459
102 1250.8   0.864   -12.839 0.94310513
103 4023.1   0.867   -14.164 0.91755822
104 2956.6   0.865   -11.207 0.95322973
105 2124.0   0.867   -15.932 1.18825694
106 1659.6   0.864   -12.696 0.93169378
107 1139.1   0.863   -13.555 1.00383465
108 1705.7   0.865   -12.639 0.98952309
109    0.0   0.865     0.0   1.0
110    0.0   0.860     0.0   1.0

